Total Travel Time:	1322602.421489933
Cost function used:	BPRcostFunction
User equilibrium (UE) or system optimal (SO):	UE

init_node	term_node	flow	travelTime
1	117	7074.899999999999	1.1529198689124767
2	87	9662.499999999993	1.3077728285644092
3	74	7669.0000000000055	1.1766938339006718
4	233	12173.8	1.6380226412299248
5	165	2586.799999999998	1.0915747901668154
6	213	6576.599999999999	1.1370960748889005
7	253	7137.099999999998	1.1551455588519774
8	411	722.0999999999998	1.0000479629182888
9	379	1427.6910539335186	1.000732914261467
9	395	809.8089460664792	1.0000758658801192
10	338	104.93172871304125	1.0000000213866878
10	362	44.36827128695867	1.0000000006836065
11	309	485.79999999999995	1.0000098253099972
12	275	488.2000000000001	1.0000100209136558
13	262	36.99999999999999	1.0000000003306155
14	257	125.20000000000002	1.0000000433444538
15	254	407.1	1.000004845299525
16	263	248.9999999999999	1.0000006781310156
17	276	648.3	1.0000311616400124
18	322	2218.3868197199067	1.0042723352540137
18	348	650.4131802800939	1.0000315699252407
19	364	723.3067400304545	1.0000482843364948
19	380	314.6932599695453	1.000001730079202
20	397	503.5999999999999	1.000011346426534
21	412	1346.9999999999998	1.000580746502072
21	413	1294.8000000000002	1.00049582335842
22	414	375.09999999999997	1.0000034922431678
22	415	1149.2999999999984	1.0003077866980834
23	416	1522.5000000000007	1.000947862681671
24	266	5499.716709746983	0.14987994857323558
24	267	4194.175238870137	0.14934284726169456
25	268	6050.584763934983	0.15025732844125403
25	269	5043.429803615825	0.14964230512323598
26	273	4488.508446182548	0.1494284060108421
26	274	1420.5854387958886	0.1490719359660399
27	302	2520.595014376163	0.1491041331991256
27	303	3067.30131718895	0.14914685021743937
28	303	3003.806723494795	0.149140547140878
28	304	3873.359522952027	0.14926800811078816
29	308	7378.70787952211	0.15169808056303746
29	337	8035.996692148786	0.15276791167684092
30	340	2710.8688942251065	0.1491162332571122
30	341	2961.2688642677113	0.1491365420717451
31	329	3775.711219126905	0.14924862042569872
31	330	3641.061588866027	0.14922424469411477
32	332	2765.9146193934953	0.149120244774127
32	333	1502.3781418242995	0.14907284271936644
33	337	7473.105032092494	0.15183525692995878
33	361	6508.492839961224	0.15066022441941485
34	369	3944.6486802499903	0.1492831197788162
34	385	2361.8936866528215	0.14909593105589114
35	373	2580.217231062163	0.1491076435450324
35	389	1705.3329778734262	0.14907582593538898
36	378	3594.5756687035914	0.14921643319901004
36	394	4115.004939306046	0.14932269885580113
37	401	6222.376220972393	0.1503982246010479
37	402	1843.4291946923897	0.1490785677246234
38	406	5737.626165520216	0.1500297657701662
38	407	3407.9446358413975	0.14918798728973343
39	266	0.0	1.459848485
39	267	0.0	1.459848485
40	268	0.0	1.320075758
40	269	0.0	1.320075758
41	273	0.0	1.0
41	274	0.0	1.0
42	302	0.0	1.0
42	303	0.0	1.0
43	303	0.0	1.540151515
43	304	0.0	1.540151515
44	308	0.0	1.0
44	337	0.0	3.0
45	340	0.0	1.0
45	341	0.0	1.0
46	329	0.0	1.0
46	330	0.0	1.0
47	332	0.0	0.920075758
47	333	0.0	0.940151515
48	337	0.0	1.0
48	361	0.0	1.0
49	369	0.0	1.0
49	385	0.0	1.0
50	373	0.0	1.0
50	389	0.0	1.0
51	378	0.0	1.0
51	394	0.0	1.0
52	401	0.0	1.0
52	402	0.0	1.0
53	406	0.0	1.079924242
53	407	0.0	1.059848485
54	56	610.4398625982441	0.3333343912091437
54	230	114.79999999999994	0.33333333432363277
55	59	2495.7710250785585	0.33362901093729
56	102	1995.3398625982436	0.33345413315228833
57	54	725.2398625982437	0.33333544127196607
57	235	1676.1999999999991	0.3333934923744087
58	137	2404.6082056954797	0.3335881200000727
58	145	4668.111237681289	0.3369521344179374
59	146	2495.78627208307	0.33362901816270313
60	102	0.0	0.333333333
60	230	2185.027372230393	0.3335070440692186
61	136	1893.8212660836425	0.33343136230468384
62	2	13602.199999999995	1.9438866766534875
63	62	13602.199999999995	3.174023401704803
64	63	5865.618426638596	0.5812535518616055
64	189	37.061296124145095	0.33333333303510126
65	64	5902.679722762745	0.37267872390118206
66	65	5902.679722762745	0.24455663011161433
67	66	4583.9447099021	0.2793330536312006
67	260	0.0	0.5
68	67	4583.9447099021	1.7989471886509485
69	68	4530.0834137779475	0.2790228095646948
69	258	11.00478075749092	0.5000000001047844
70	69	4541.088194535443	1.4400378920903143
71	70	4478.288194535443	0.27873472278042616
71	255	2256.7998001327287	0.6853289997196492
72	71	6735.0879946681725	0.30392465433621796
73	72	1480.5000000000002	0.46894025657404526
73	141	6188.500000000002	0.3606219546063131
74	73	7669.0000000000055	1.3009940004528122
75	3	5676.600000000002	1.1163455956739794
76	75	5676.600000000002	1.1536594344696764
77	76	2169.1999999999994	0.46939391530280394
77	141	1860.3726584051665	0.3335561969433768
78	77	4029.5726584051663	0.27662648767540843
79	78	2290.3185351802395	0.2730333133324713
79	256	567.2999999999997	0.5007399840813751
80	79	2857.6185351802405	1.411885719999756
81	80	2846.9107695523253	0.27361417503133867
81	259	1.0976286182486594	0.5000000000000103
82	81	2848.0083981705743	1.7621266772943884
83	82	2848.0083981705743	0.2736157174367995
83	261	1218.601733024817	0.5157550000412786
84	83	4066.61013119539	0.23253380345215957
85	84	4066.61013119539	0.35435719364830864
86	85	4066.086846533831	0.5535477822241128
86	189	5596.413153466167	0.35158401478136553
87	86	9662.499999999993	1.6210110772685768
88	1	8328.000000000005	1.2103789311293132
89	88	8328.000000000005	1.3832330073586747
90	89	5406.502413869866	0.28561560002594916
90	293	204.0104025574156	0.5000123760055147
91	90	5610.51281642728	0.24170471923442563
92	91	5610.51281642728	0.3336789218970822
93	92	2675.954135894966	0.3500282634394642
93	183	1536.7355094868346	0.333437094567728
93	195	5.544840788403051	0.3333333330000176
94	93	4218.2344861701995	0.7101845255531355
95	94	1995.3398625982436	0.2728558223507315
95	290	0.0	0.5
96	95	1995.3398625982436	1.2441812080537624
97	96	1995.3398625982436	0.2728558223507315
97	288	0.0	0.5
98	97	1995.3398625982436	0.6221939588909916
99	98	1995.3398625982436	0.2728558223507315
99	283	0.0	0.5
100	99	1995.3398625982436	0.3929537260506268
101	100	1995.3398625982436	0.2728558223507315
101	278	0.0	0.5
102	101	1995.3398625982436	0.7749518775418279
103	59	0.015247004511754625	0.333333333
103	61	1893.8212660836425	0.33343136230468384
103	237	1281.4671506953334	0.33335388385418213
104	103	3175.303663783489	0.7786601535092025
105	104	3175.303663783489	0.27416148366713605
105	279	0.0	0.5
106	105	3175.303663783489	0.3948340761740771
107	106	3175.303663783489	0.27416148366713605
107	284	0.0	0.5
108	107	3175.303663783489	0.6251712623490073
109	108	3167.551905257825	0.2741464336922597
109	289	0.0	0.5
110	109	3167.551905257825	1.2500662002236067
111	110	3167.551905257825	0.2741464336922597
111	291	894.3505604539062	0.5045709069127536
112	111	4061.902465711729	0.7084554659288621
113	112	1749.5339889064217	0.349211847953819
113	183	0.0	0.333333333
113	195	3531.586389208433	0.3362274718003684
114	113	5281.120378114853	0.3299199302398405
115	114	5281.120378114853	0.23898184414854176
116	115	4408.018741901907	0.27835954416219805
116	294	2666.881258098087	0.8613981792760916
117	116	7074.899999999999	1.242952093743351
118	5	4644.199999999995	1.1020562452704585
119	118	4644.199999999995	1.1187733250860803
120	119	3102.8244837947923	0.2740250121239598
120	400	3246.569471563703	1.2937249737060204
121	120	6349.393955358499	0.594690997850236
122	121	6349.393955358499	0.6780378426260115
123	122	6211.323062601021	0.2952635104377349
123	382	1.8316566742385543	0.5000000000000804
124	123	6213.154719275262	0.933072410757541
125	124	6213.154719275262	0.29529023797460185
125	366	865.2100300725504	0.5040036621715869
126	125	7078.364749347814	0.9821212224824988
127	126	6428.0415389951695	0.2985937827774628
127	350	0.0	0.5
128	127	6428.0415389951695	0.6808843080787873
129	128	6428.0415389951695	0.3463235462392411
130	129	5919.479117266145	0.2912975263565504
130	324	1530.6413878895496	0.5392161587651652
131	130	7450.1205051556935	1.009546413118872
132	131	7450.1205051556935	0.37056234898981
132	314	91.1630454371877	0.5000004934538514
133	132	7541.283550592882	0.5534482583312113
134	133	7541.283550592882	0.4120385718981826
135	134	7163.739214440939	0.3126892490885825
135	298	468.0272438178473	0.5003428118131927
136	135	7631.76645825879	0.1815217764697709
137	136	5737.945192175141	0.6706452768733075
138	60	2185.027372230393	0.3335070440692186
138	137	3333.3369864796578	0.13183991170073203
138	236	3741.948549750794	0.334827472728115
139	138	9260.312908460848	1.538040947147761
140	139	6491.746246312039	0.29963905316663414
140	265	1557.1264120931214	0.5420016864168513
141	140	8048.872658405167	1.1575346736597456
142	72	5254.587994668177	0.34751720146445453
142	76	3507.400000000001	0.3361489994675289
143	142	8761.987994668178	1.2463664618062347
144	143	8737.58799466817	0.36130503336399267
144	264	1991.8159875922654	0.6124522369088834
145	144	10729.403982260434	1.5557538896585061
146	145	6061.292744579155	0.12903184785530022
147	57	2401.439862598242	0.33358677980908075
147	146	3565.50647249608	0.7702067255616716
148	147	5966.9463350943315	0.24524361516686993
149	148	5495.716017685198	0.28649520003402784
149	297	251.0242317572735	0.500028368333865
150	149	5746.740249442468	0.3702769065396819
151	150	5746.740249442468	0.2429805262924229
152	151	4352.533776946388	0.6340968800704342
152	310	119.69999999999992	0.5000014667221296
153	152	4472.23377694639	0.7134341079550766
154	153	3013.133776946385	0.27386887189942505
154	323	342.3156357424357	0.5000981020740802
155	154	3355.449412688819	0.3184289057142299
156	155	3355.449412688819	0.626042460854636
157	156	3355.449412688819	0.2745435374966328
157	349	457.5999999999999	0.5003132674746587
158	157	3813.049412688818	0.8715849410617335
159	158	3006.0494126888198	0.27385711765841003
159	365	0.0	0.5
160	159	3006.0494126888198	0.865346998022408
161	160	3006.0494126888198	0.27385711765841003
161	381	253.6999999999999	0.5000295973693303
162	161	3259.7494126888187	0.6255617272149013
163	162	3259.7494126888187	0.548665434857655
164	163	1788.0019975737512	0.27277014062863053
164	399	798.7980024262475	0.5029088352440468
165	164	2586.799999999998	1.0931838350869516
166	6	6522.200000000004	1.1355720176199169
167	166	6522.200000000004	1.2005989411736258
168	167	5485.447479363294	0.2863917490788593
168	409	1771.6845578660382	0.5703909525703958
169	168	7257.132037229327	0.8941372522113028
170	169	5049.61310068662	0.36169579729262324
171	170	2649.7559420988614	0.06564895877213356
171	216	213.31186880662887	0.33333337152122594
172	171	2863.0678109054898	0.28462400237149527
172	393	0.0	0.5
173	172	2863.0678109054898	0.5035336507246321
174	173	2863.0678109054898	0.22989659078508629
175	174	2862.2532932429767	0.2736358969374805
175	377	221.371158750465	0.5000171575548678
176	175	3083.624451993444	0.821971275859626
177	176	1003.462372836141	0.27263005018323955
177	360	0.0	0.5
178	177	1003.462372836141	0.8178901505497188
179	178	918.0435095332134	0.2726254304514843
179	336	3.4336202661715594	0.5000000000009931
180	179	921.477129799385	1.9083791514328683
181	180	921.477129799385	0.2726255930618383
181	307	3219.436039373736	1.2675213207767748
182	181	4140.913169173122	0.15512763897814594
183	182	4140.913169173122	0.39904958308074706
184	92	2116.259301837941	0.3337065105750517
184	112	2312.3684768053095	0.3338652797736947
184	183	2604.1776596862887	0.39361422292973575
185	184	7032.8054383295375	0.8426675796642479
186	185	7032.8054383295375	0.4462147821273018
187	186	5463.487325379521	0.28617245184123685
187	272	169.987124210787	0.5000059653420335
188	187	5633.474449590313	0.9445309804316824
189	188	5633.474449590313	0.8177936825664406
190	63	7736.5815733614	0.39998890418181754
190	85	0.5232846615602892	0.333333333
191	190	7737.10485802296	0.9291363189428526
192	191	7737.10485802296	1.0731289040184995
193	192	7288.889494423288	0.3155639015718484
193	271	1505.242473704374	0.5366772782915867
194	193	8794.131968127665	0.5236725039774153
195	194	8794.131968127665	0.988944918766654
196	92	818.299378694373	0.3333416753595538
196	112	0.0	0.333333333
196	195	5257.000738130828	0.40934309666515484
197	196	6075.300116825203	0.4224594689930994
198	197	6075.300116825203	0.16422806279589527
199	198	3774.743718989485	0.2757039235613333
199	306	0.2202625114590669	0.5
200	199	3774.9639815009427	1.9299325128144615
201	200	3532.868262168068	0.2749850141068002
201	335	169.7744334970368	0.5000059355422805
202	201	3702.6426956651067	0.8264237001513971
203	202	3702.6426956651067	0.27547456671713233
203	359	1942.630374691258	0.6017494201759732
204	203	5645.2730703563675	0.8642068618422399
205	204	5143.411382557864	0.28326378478769054
205	376	0.8145176625122472	0.5000000000000031
206	205	5144.225900220377	0.23799016698806155
207	206	5144.225900220377	0.5212606990422469
208	207	5144.225900220377	0.2946442729832635
209	208	2249.6113825578614	0.06556240420467344
209	392	2463.973060435893	0.7633389283103038
210	209	4713.584442993756	0.3586460777575646
210	250	2140.0070470748583	0.3337235451897845
211	210	6853.591490068617	0.8696177299456656
212	211	4818.838475753545	0.28081964677004234
212	408	1757.7615242464562	0.5682041904988114
213	212	6576.599999999999	1.20431978411548
214	7	4983.6	1.1058366016885115
215	214	4983.6	1.1058366016885115
216	215	2176.2787486681614	0.39280770404754567
217	169	2207.518936542714	0.3337751656127918
217	216	1962.9668798615312	0.5890061470468331
218	217	4170.485816404249	0.2855216744406582
218	392	431.0609401764319	0.5002466754506155
219	218	4601.546756580676	0.7822032993471426
220	219	4273.908801588519	0.5054789147392608
220	363	0.5438518303531648	0.5000000000000007
221	220	4274.4526534188735	1.1757788697554583
222	221	4274.4526534188735	0.3186048579640193
223	222	4158.769346430735	0.4281456236357738
223	346	1406.7683295390946	0.527980893149858
224	223	5565.5376759698265	0.9917545297844654
225	224	4172.050856249928	0.6259498228974079
225	330	998.3278620639765	0.507096823601351
226	225	5170.378718313899	0.9531583777035267
227	226	5018.916407706856	0.3983016845665339
227	311	116.68625344856268	0.500001324494094
228	227	5135.602661155416	1.107800361723657
229	228	5101.629612865609	0.47607489627659044
229	277	914.378315988009	0.5049943033409963
230	229	6016.007928853622	0.12358514400715281
231	56	1384.8999999999994	0.33336136626143414
231	230	3716.180556623226	0.2957905148388628
232	58	7072.719443376773	0.35240311333588187
232	231	5101.080556623225	0.3210862914848596
233	232	12173.8	1.6380226412299248
234	4	10223.899999999994	1.3628519821272878
235	234	10223.899999999994	1.3628519821272878
236	235	8547.7	0.13463607395465949
237	236	4805.751450249204	0.2537802989164163
238	55	2495.7710250785585	0.33362901093729
238	61	0.0	0.333333333
238	237	3524.284299553869	0.22984540264691478
239	238	6020.055324632434	0.23591507712972465
240	239	4786.768595113088	0.47444173477912066
240	299	350.34344096602035	0.5001076334367633
241	240	5137.112036079109	0.952767814955638
242	241	4135.592990373011	0.6258012751219637
242	317	225.1560073993954	0.5000183613833756
243	242	4360.7489977724035	0.945589006905253
244	243	4360.7489977724035	0.3958521696376363
244	339	1768.5407155007383	0.5698926477982895
245	244	6129.289713273147	1.0806614291707204
246	245	4321.967168795415	0.6266028882271721
246	347	0.0	0.5
247	246	4321.967168795415	1.1761815008492305
248	247	4321.967168795415	0.39573823590609714
248	374	234.00587127811542	0.5000214228999472
249	248	4555.973040073528	0.9030672120824158
250	249	4491.912918352971	0.3631173421022378
251	250	2351.905871278116	0.05456106394873018
251	391	1890.579611059372	0.5912748489114732
252	208	2894.6145176625105	0.3346395127963866
252	251	4242.485482337489	0.5272134705854135
253	252	7137.099999999998	1.1551455588519774
254	15	3703.300000000001	1.0331796499934705
254	255	407.1	2.00000969059905
255	70	62.79999999999994	0.5000001111244995
255	254	3703.300000000001	2.066359299986941
255	256	344.30000000000007	0.5000012394651349
256	78	1739.2541232249241	0.565376762375766
256	255	1446.5001998672694	0.5003861537138736
256	266	123.33251895374453	1.920075836369124
257	14	36.99999999999999	1.0000000003306155
257	258	125.20000000000002	2.0000000866889076
258	68	53.861296124145085	0.5000000601282333
258	257	36.99999999999999	2.000000000661231
258	259	71.33870387585483	0.5000000022844785
259	80	10.707765627914878	0.5000000000939219
259	258	25.99521924250907	0.5000000000402773
259	267	60.71864002595801	1.920075762603867
260	66	1318.7350128606454	0.5216073442401338
260	261	0.0	0.5
261	82	0.0	0.5
261	260	1318.7350128606454	0.500266757336298
261	269	1218.601733024817	1.8605719890236532
262	13	592.7999999999997	1.0000217845703872
262	273	36.99999999999999	2.000000000661231
263	16	241.50000000000003	1.000000600046297
263	264	248.9999999999999	2.000001356262031
264	143	24.400000000000002	0.5000000025323897
264	263	241.50000000000003	2.000001200092594
264	265	2055.6211539326364	0.5015749201413806
265	139	2768.566662148804	0.9197504621958646
265	264	80.70516634037176	0.5000000037418948
265	266	3466.723043910669	1.0254796119212912
266	24	4252.5279709763745	0.1493584466681424
266	39	0.0	1.459848485
266	256	2397.48684204594	1.9312665162410108
266	265	2703.247306374084	1.0094201829084075
266	277	399.1543106422363	3.579940272731904
267	24	5712.563977640739	0.15001307702793698
267	39	0.0	1.459848485
267	259	24.98529240227844	1.9200757581319996
267	268	4074.218046857328	1.0486063816310196
267	281	133.2552493589721	1.640151606229962
268	25	4961.158769344894	0.14960575923905395
268	40	0.0	1.320075758
268	267	5498.628958655819	1.161262682458666
268	287	551.9558052791638	1.7201039211362825
269	25	5959.355798205913	0.15018722411293417
269	40	0.0	1.320075758
269	261	1318.7350128606454	1.860840741455553
269	270	1320.2744053170675	1.000536010178182
269	290	2404.420385438111	2.5147400118962366
270	269	4523.819441338369	1.0738817664303424
270	271	1320.2744053170675	0.5802350872962865
271	192	448.2153635996675	0.5002883488332872
271	270	4523.819441338369	0.6227700693947374
271	272	1320.2744053170675	0.500268005089091
272	186	1569.3181129500122	0.5433326443540631
272	271	3466.7923312336607	0.5127408244827518
272	273	546.1999999999998	2.279960038735219
273	26	560.4454027103981	0.149068410524107
273	41	0.0	1.0
273	262	592.7999999999997	2.0000435691407743
273	272	4092.0489146558175	0.29377010392611047
273	292	94.72055564329038	2.0000000284003154
274	26	3054.7484822680353	0.1491455726063693
274	41	0.0	1.0
274	275	501.5999999999997	2.000022334504747
274	293	1458.4753468478361	1.421209264730888
275	12	501.5999999999997	1.0000111672523735
275	274	488.2000000000001	2.0000200418273115
276	17	1183.9999999999993	1.000346675403185
276	296	648.3	2.0000623232800248
277	228	33.97304828980551	0.5000000095172025
277	266	662.6441574272483	3.5800460039370607
277	299	1278.3708160217302	0.7204150095184939
278	100	0.0	0.5
278	279	0.0	0.5
279	104	0.0	0.5
279	278	0.0	0.5
279	280	0.0	0.420075758
280	279	0.0	0.420075758
280	300	0.0	0.420075758
281	267	191.4997287074029	1.6401519041104025
281	282	133.2552493589721	0.5799242742570605
282	281	191.4997287074029	0.5799243795815302
282	283	133.2552493589721	0.3598485050158115
283	98	0.0	0.5
283	282	191.4997287074029	0.3598485703706426
283	284	133.2552493589721	0.5000000278114434
284	106	0.0	0.5
284	283	191.4997287074029	0.5000001186202613
284	285	133.2552493589721	0.2799242575701944
285	284	191.4997287074029	0.27992430840937343
285	286	133.2552493589721	0.5799242742570605
286	285	191.4997287074029	0.5799243795815302
286	302	133.2552493589721	0.42007578136582635
287	268	886.940722487566	1.7202635349047903
287	288	551.9558052791638	0.7200875479410023
288	96	0.0	0.5
288	287	886.940722487566	0.7201543670940606
288	289	551.9558052791638	0.5000081865976401
289	108	7.751758525664423	0.5000000000257971
289	288	886.940722487566	0.500054583905365
289	303	544.2040467534993	1.2200946357437024
290	94	2222.8946235719595	0.6744402677971378
290	269	216.934623842724	2.5000009767236886
290	291	190.55271265369447	0.5000001162911771
291	110	0.0	0.5
291	290	225.96157463026626	0.5000002299453301
291	304	1084.9032731076	1.2802370404283732
292	273	268.30642682696634	2.0000018283970746
292	305	94.72055564329038	1.859848511410142
293	89	2921.497586130132	1.020467205862353
293	274	3106.0383903199836	1.4433918097460212
293	294	1191.1668119833619	0.5001775728491135
294	115	873.1016362129467	0.5041517428974515
294	293	5556.217039028227	0.5840626413575681
294	295	3742.6480700814504	0.2896131023414043
295	294	6313.918675241172	0.358403098380814
295	308	3742.6480700814504	0.7449993351959073
296	276	1183.9999999999993	2.00069335080637
296	297	593.683060504079	0.420084963819793
296	310	54.61693949592124	1.5799242444800585
297	148	471.23031740913234	0.5003522931006631
297	296	893.9999999999999	0.4201230942570545
297	298	373.4769748522201	0.5000017160958996
298	134	377.5443361519422	0.5001451587035598
298	297	893.9999999999999	0.5000563425241198
298	299	308.39391434814127	1.1401533342902241
299	239	1233.2867295193419	0.516528272964128
299	277	661.4553951085383	0.7201000742535045
299	298	738.4340318300161	1.140211318362429
299	300	1057.2916737129212	1.0002204425713366
299	315	529.2600792670213	1.9201023353168636
300	280	0.0	0.420075758
300	299	1667.1077839594295	1.0013626080079534
300	301	1057.2916737129212	0.5001102212856683
300	316	0.0	1.920075758
301	300	1667.1077839594295	0.5006813040039767
301	302	1057.2916737129212	0.5001102212856683
302	27	2930.9106854245833	0.14913378733812305
302	42	0.0	1.0
302	286	191.4997287074029	0.42007585765899236
302	301	1667.1077839594295	0.5006813040039767
302	311	692.3363860389132	1.1401977262179936
303	27	2460.9856461405266	0.14910086399041517
303	28	3731.4646311015345	0.14924031639227123
303	42	0.0	1.0
303	43	0.0	1.540151515
303	289	886.940722487566	1.2202089509994254
303	319	685.3997841985811	2.14023483256982
304	28	2341.701615345291	0.1490949989974001
304	43	0.0	1.540151515
304	291	225.96157463026626	1.2799248306252047
304	305	3830.032572164484	0.9550018245750447
304	312	224.85271265369448	0.2799243682261267
305	292	268.30642682696634	1.8598501852707647
305	304	1348.5248699549102	0.9206125124441981
305	306	3561.726145337518	0.7405183757133089
305	321	0.0	3.279924242
306	198	2300.556397835714	0.7001256615617609
306	305	1253.80431431162	0.7203896739983994
306	307	1336.1589175503698	0.5002811374375737
307	180	0.0	0.5
307	306	1328.5732218487262	0.500274807260701
307	308	4555.594956924107	0.537989767718537
308	29	8483.259009437763	0.15366289807607802
308	44	0.0	1.0
308	295	6313.918675241172	0.9219543862732448
308	307	1328.5732218487262	0.500274807260701
308	309	36.99999999999999	2.000000000661231
309	11	36.99999999999999	1.0000000003306155
309	308	485.79999999999995	2.0000196506199943
310	151	1394.2064724960817	0.5269947693630751
310	296	289.99999999999983	1.579926213262563
310	313	54.61693949592124	0.27992424243940617
311	226	151.4623106070456	0.5000037600147997
311	302	1770.7126466822767	1.1421288085277799
311	317	540.8740754318677	0.7200866292397429
312	304	315.7608087791968	0.2799247328961587
312	320	224.85271265369448	2.7200769845626755
313	310	1564.5064724960814	0.2802200883308461
313	314	0.0	0.779924242
313	325	145.77998493310884	1.7200758950425397
314	131	0.0	0.5
314	313	91.1630454371877	0.2799242454106098
314	315	0.0	1.640151515
315	299	615.5119541425175	1.9201243741487506
315	314	0.0	1.720075758
315	316	0.0	2.579924242
315	327	678.3887863625334	1.079964590198806
316	300	0.0	1.920075758
316	315	149.1287070955124	1.0000000872491552
316	317	1347.9156164768892	0.8603491981184541
316	328	311.01340203191444	1.07992602448517
317	241	1001.5190457060975	0.5071880004133063
317	311	1654.026393233713	0.7210265032212414
317	316	460.1421091274267	1.0000079083181943
317	318	0.0	1.140151515
317	329	80.73196630444104	1.0799242500926662
318	317	0.0	1.140151515
318	319	0.0	1.0
319	303	1149.478696490961	2.1408106349364107
319	318	0.0	0.859848485
319	320	28.299784198581364	1.0000000001131484
319	330	657.0999999999998	0.859876763998113
320	312	315.7608087791968	2.7200805281289875
320	319	0.0	2.579924242
320	321	0.0	1.720075758
320	332	253.1524968522759	0.720076279702924
321	305	0.0	3.279924242
321	320	0.0	1.640151515
321	333	0.0	0.720075758
321	334	0.0	0.279924242
322	18	1692.6000000000001	1.0014478833232208
322	323	2218.3868197199067	2.0085446705080274
323	153	1459.0999999999983	0.5323825819167186
323	322	1692.6000000000001	2.0028957666464415
323	324	1101.6024554623407	0.5001298930173178
324	129	508.56242172902444	0.5004779124110328
324	323	1692.6000000000001	0.5007239416616104
324	325	1583.2340910200348	0.5805670303756797
325	313	1564.5064724960814	1.7218936716545867
325	324	1152.1526693971678	0.5801045137209765
325	326	0.0	0.859848485
325	340	1723.2238282849999	0.36040824603457366
326	325	0.0	0.859848485
326	327	0.0	1.579924242
327	315	615.5119541425175	1.0799515855865065
327	326	0.0	1.579924242
327	328	963.1595898521437	1.0001518130942826
327	341	1398.0826752747714	1.0006739809726695
328	316	1347.9156164768892	1.0805531112070046
328	327	719.6938889122384	1.0000473268369576
328	329	1148.113458060918	1.000306517624174
328	342	967.9864542195315	1.0001548792865866
329	31	2756.8557038381828	0.14911956789242212
329	46	0.0	1.0
329	317	1082.4738150635255	1.0801858066855285
329	328	1376.6669410998563	1.0006336241969498
329	343	1412.4083142958057	1.0007020326027365
330	31	5368.717104154753	0.14980533833591086
330	46	0.0	1.0
330	224	1393.4868197199041	0.526939076537602
330	319	1149.478696490961	0.860113299558588
330	331	1300.818049691292	0.42028794074185066
330	339	0.0	0.640151515
331	330	2147.4705036261635	0.42165174513810855
331	332	1300.818049691292	1.9210455995848446
332	32	1689.53372308363	0.14907555172832612
332	47	0.0	0.920075758
332	320	315.7608087791968	0.72007702077889
332	331	2147.4705036261635	1.9272792555624612
332	345	302.6833069881349	0.7200768242235998
333	32	1915.8590381341653	0.14908027522204717
333	47	0.0	0.940151515
333	321	0.0	0.720075758
333	334	1502.3781418242995	0.4204532961688543
333	358	0.0	2.079924242
334	321	0.0	0.779924242
334	333	1915.8590381341653	0.4210741430012756
334	335	1502.3781418242995	0.28017582063487706
335	200	242.095719332875	0.5000245425500163
335	334	1915.8590381341653	0.28058953191350705
335	336	1260.8877663730316	0.5002229420284703
336	178	85.4188633029274	0.5000003803526043
336	335	1746.6899485187357	0.5008210120066443
336	337	1175.468903070104	0.5001683956240416
337	29	7648.545562233121	0.15210437969156734
337	33	6595.345465807818	0.15074691303289045
337	44	0.0	3.0
337	48	0.0	1.0
337	336	1743.2563282525643	0.5008145752789416
337	338	802.3549997309171	2.000146221915276
338	10	802.3549997309171	1.000073110957638
338	337	104.93172871304125	2.0000000427733755
339	243	0.0	0.5
339	330	1768.5407155007383	0.6412562528858133
339	344	0.0	0.420075758
340	30	1723.2238282849999	0.14907614578167128
340	45	0.0	1.0
340	325	2710.8688942251065	0.363276715035656
340	351	0.0	1.720075758
341	30	3690.4139302078142	0.14923287181840766
341	45	0.0	1.0
341	327	1578.6715439946624	1.0010956790121945
341	342	1142.7939566019447	1.000300876286299
341	353	914.579012010447	2.000246848867372
342	328	1532.8694846856652	1.0009739506111253
342	341	1331.73738564204	1.0005548691597814
342	343	634.8497974553055	1.0000286549834017
342	354	432.8481159643923	2.00001238478129
343	329	1623.8481308051068	1.0012265855912337
343	342	796.5990473868992	1.0000710354851094
343	344	0.0	2.0
343	355	615.809266908906	2.0000507377373022
344	339	0.0	0.420075758
344	343	0.0	2.0
344	356	0.0	2.0
345	332	135.5631765400628	0.7200758009004016
345	346	302.6833069881349	0.640152462878949
346	222	115.68330698813492	0.5000012795404608
346	345	135.5631765400628	0.6401515531387052
346	347	1593.7683295390946	1.0811534072680968
347	245	1807.3225444777306	0.5762278914719694
347	346	135.5631765400628	1.0799243063393187
347	357	1593.7683295390946	0.2802428506047365
348	18	457.5999999999999	1.0000077349993743
348	349	650.4131802800939	2.0000631398504813
349	156	0.0	0.5
349	348	457.5999999999999	2.0000154699987487
349	350	650.4131802800939	0.5000157849626203
350	126	650.3232103526447	0.5012778746676296
350	349	0.0	0.5
350	351	0.08996992744952727	0.859848485
351	340	0.0	1.720075758
351	350	0.0	0.859848485
351	352	0.0	0.720075758
351	367	0.08996992744952727	2.0
352	351	0.0	0.720075758
352	353	0.0	1.420075758
353	341	1635.369517630347	2.0025235377707706
353	352	0.0	1.420075758
353	354	176.5267477637349	1.0000001713003697
353	369	933.338348959142	2.000267733464154
354	342	1024.9253255390245	2.000389327529138
354	353	18.759336948694695	1.0000000000218467
354	355	166.27018772046213	1.0000001348260366
354	370	543.3978613181007	2.0000307622370643
355	343	988.9983333498011	2.0003375424935377
355	354	129.30908230240294	1.0000000493210528
355	356	0.0	2.0
355	371	486.500184606503	2.0000197641550845
356	344	0.0	2.0
356	355	0.0	2.0
356	357	0.0	2.0
356	372	0.0	2.0
357	347	1942.8857210177932	0.28062787428256286
357	356	0.0	2.0
357	358	0.0	2.0
357	373	1593.7683295390946	2.002276391658401
358	333	0.0	2.079924242
358	357	0.0	2.0
358	359	12.125203077007571	0.7200757580027456
358	363	10.551057252870438	1.7200757580037604
359	202	0.0	0.5
359	358	10.551057252870438	0.7200757580015743
359	360	1954.7555777682662	0.5012878226770444
360	176	2080.1620791573023	0.6337703745588134
360	359	10.551057252870438	0.5000000000010931
360	361	1954.7555777682662	0.5012878226770444
361	33	6639.2524062459	0.15079206063135406
361	48	0.0	1.0
361	360	2090.7131364101756	0.5016852487596294
361	362	357.04500026908187	2.000005733740577
361	378	4429.512393636716	2.135821930838941
362	10	357.04500026908187	1.0000028668702885
362	361	44.36827128695867	2.000000001367213
363	358	12.125203077007571	1.7200757580065584
363	375	11.094909083223602	0.2799242420007482
364	19	863.4972121356626	1.0000980753753186
364	365	723.3067400304545	2.0000965686729897
365	158	807.0	0.5030301587505787
365	364	863.4972121356626	2.000196150750637
365	366	61.60674003045451	0.5000000012705715
366	124	0.0	0.5
366	365	1008.7972121356623	0.5000913485625178
366	367	132.9167701030049	0.8598485323431628
367	351	0.0	2.0
367	366	214.89721213566287	0.8598488084903098
367	368	133.00674003045455	0.7200757977547481
367	384	0.0	2.279924242
368	367	214.89721213566287	0.7200760289053212
368	369	133.00674003045455	1.4200758364011314
369	34	1984.67019005959	0.1490820871003637
369	49	0.0	1.0
369	353	1811.896265394082	2.0038025902892938
369	368	214.89721213566287	1.420076292257785
369	370	2049.0591548863617	1.0031098125021498
370	354	1014.6687654957516	2.0003739756987273
370	369	1049.5290532361114	1.0002140395754864
370	371	1034.3903893906097	1.0002019547754715
370	386	0.0	2.0
371	355	822.7281456293389	2.000161648483533
371	370	506.1311919180103	1.000011576269568
371	372	388.86224376127103	2.0000080673207865
371	387	144.20309990009454	2.0000001525613773
372	356	0.0	2.0
372	371	163.83410721160212	2.000000254192944
372	373	388.86224376127103	2.0000080673207865
372	388	0.0	2.0
373	35	1895.7153539915496	0.1490797804231958
373	50	0.0	1.0
373	357	1942.8857210177932	2.0050273050846585
373	372	163.83410721160212	2.000000254192944
373	374	1025.8316615002577	1.4203531743988504
374	247	0.0	0.5
374	373	465.41903935867623	1.4200875125041914
374	375	1025.8316615002577	0.5800375320790084
375	219	327.63795499216064	0.5000823280955365
375	363	12.125203077007571	0.2799242420010673
375	374	231.41316808056058	0.5799245353862492
375	376	686.6123552614428	0.7201039899493593
375	390	0.0	2.0
376	204	501.861687798503	0.500453218275879
376	375	220.86211082769015	0.7200760602590298
376	377	185.63688384914803	0.5000001047474122
377	174	0.8145176625122472	0.5000000000000031
377	376	220.93380955138593	0.5000002101526877
377	378	185.64772056309863	0.5000001047718733
378	36	4292.770046928104	0.14936958540890452
378	51	0.0	1.0
378	361	5008.906247545426	2.222084284554247
378	377	0.3880051773836297	0.5
378	379	335.3625371860185	2.0000044627689415
379	9	335.3625371860185	1.0000022313844708
379	378	1427.6910539335186	2.001465828522934
380	19	438.702787864337	1.000006534280848
380	381	314.6932599695453	2.000003460158404
381	160	0.0	0.5
381	380	438.702787864337	2.000013068561696
381	382	314.6932599695453	0.500000865039601
382	122	138.07089275747836	0.5000025964488708
382	381	185.0027878643369	0.5000001033235492
382	383	178.45402388630558	0.5799243457511367
383	382	185.0027878643369	0.5799243618396619
383	384	178.45402388630558	0.42007583315350155
384	367	0.0	2.279924242
384	383	185.0027878643369	0.4200758448074365
384	385	43.1893471921885	2.0000000012275883
384	401	135.26467669411693	2.0000001181092224
385	34	669.5721768432235	0.1490685013134241
385	49	0.0	1.0
385	384	185.0027878643369	2.0000004132941966
385	386	650.6337662644094	1.0000316127744737
385	402	1846.693275744258	2.0041032245709487
386	370	0.0	2.0
386	385	594.2504087725673	1.0000219985560992
386	387	650.6337662644094	1.0000316127744737
386	403	0.0	2.0
387	371	177.20000000000007	2.000000347857271
387	386	594.2504087725673	1.0000219985560992
387	388	717.2897581007525	2.0000933952382813
387	404	266.0030999000946	2.0000017664160676
388	372	0.0	2.0
388	387	716.050408772568	2.0000927514277236
388	389	609.2897581007529	2.0000486229973133
388	405	108.00000000000001	2.000000048
389	35	1551.1348549440384	0.14907345861751778
389	50	0.0	1.0
389	388	641.0766846557308	2.000059591750728
389	390	1.0796178741997877	2.0000000000000004
389	406	1723.20521040536	2.003110958458601
390	375	0.0	2.0
390	389	137.9778222681966	2.0000001278743267
390	391	573.3943714576988	0.7200894891879612
390	407	2287.1706133059583	2.5923784875052123
391	249	64.06012172055277	0.5000001203156942
391	390	2425.1484355741545	0.724469633146435
391	392	1338.8798537951864	0.4203138858914828
392	207	0.0	0.5
392	391	1364.11442857282	0.4203323523266645
392	393	4233.913854407511	0.4438886372070174
393	170	2399.857158587757	0.736980610899573
393	392	1364.11442857282	0.4203323523266645
393	394	3588.3171878538406	0.1442505093331965
394	36	3448.710561081536	0.14919381655790465
394	51	0.0	1.0
394	393	3118.3749206069087	0.1424894225446181
394	395	497.43746281398114	2.00002160230899
394	396	1767.2910702540976	0.5809222173527264
395	9	497.43746281398114	1.000010801154495
395	394	809.8089460664792	2.0001517317602384
396	215	2807.321251331839	0.9437513589741278
396	394	318.6829415301571	0.5799252971707698
396	410	17.141044139739435	2.0000000000304574
397	20	6087.1	1.2421909806447966
397	398	503.5999999999999	2.000022692853068
398	397	6087.1	2.484381961289593
398	399	503.5999999999999	0.5799308220678072
399	163	1471.7474151150675	0.5335200277772215
399	398	6087.1	0.7203766628696704
399	400	869.0967423432302	0.5000503220948863
400	119	1541.3755162052034	0.5403278498824522
400	399	7125.546155032055	0.7273834513757698
400	401	1672.746144726343	0.1403450832692523
401	37	1806.3854403361868	0.14907776874334253
401	52	0.0	1.0
401	384	0.0	2.0
401	400	6224.00160205667	0.1772531287263963
402	37	6150.619975328597	0.15033793208587565
402	52	0.0	1.0
402	385	352.5685640986496	2.0000054515570715
402	403	918.5745810464166	1.0001255954520116
402	412	947.7969000999052	2.000284713035217
403	386	0.0	2.0
403	402	3332.437550136918	1.0217552609886407
403	404	918.5745810464166	1.0001255954520116
404	387	243.8559918363427	2.0000012476131404
404	403	3332.437550136918	1.0217552609886407
404	405	1969.5185892100722	2.0053086800600064
404	413	1112.1030999000945	2.00053966769388
405	388	74.97372411683644	2.00000001114763
405	404	4178.537550136918	2.1075581818959015
405	406	1830.118589210073	2.0039578847589583
405	414	247.39999999999986	2.000001321736845
406	38	3901.742881244937	0.14927392580294316
406	53	0.0	1.079924242
406	389	1463.8958096369558	2.00162026811604
406	405	3878.411274253753	2.0798291780944167
406	415	1196.199999999999	2.000722372838103
407	38	6041.727920116676	0.1502503818495386
407	53	0.0	1.059848485
407	390	572.3147535834988	2.5799730693258445
407	408	3439.7456568162497	1.1065937395611387
407	416	387.8999999999999	2.000007987766
408	211	2034.7530143150702	0.6224667083521449
408	407	3224.0730813690707	1.1005082063164116
408	409	2035.89846971847	0.5015153420952756
409	167	1036.7525206367063	0.5082541364258039
409	408	2097.217384339903	0.5017063181886917
409	410	1042.309946215437	0.2201215802018662
410	396	1375.8541667476366	2.001264258345471
410	409	368.6968236075388	0.22007647540766168
410	411	36.99999999999999	2.000000000661231
411	8	36.99999999999999	1.0000000003306155
411	410	722.0999999999998	2.0000959258365776
412	21	947.7969000999052	1.0001423565176084
412	402	1346.9999999999998	2.001161493004144
413	21	1112.1030999000945	1.00026983384694
413	404	1294.8000000000002	2.00099164671684
414	22	247.39999999999986	1.0000006608684224
414	405	375.09999999999997	2.0000069844863355
415	22	1196.199999999999	1.0003611864190516
415	406	1149.2999999999984	2.000615573396167
416	23	387.8999999999999	1.000003993883
416	407	1522.5000000000007	2.001895725363342
