Total Travel Time:	581507.427739071
Cost function used:	BPRcostFunction
User equilibrium (UE) or system optimal (SO):	UE

init_node	term_node	flow	travelTime
1	170	41.12000000000025	0.0
1	269	147.8399999999999	0.0
1	329	740.6245688015093	0.0
1	348	0.0	0.0
2	204	465.24829920006727	0.0
2	209	631.2829777838372	0.0
2	219	468.99613133263335	0.0
2	221	818.5229522123565	0.0
3	155	1088.281428394717	0.0
3	161	565.6961456737323	0.0
3	195	219.4860860166801	0.0
3	346	0.0	0.0
4	298	1218.7020463104311	0.0
4	299	0.0	0.0
4	303	266.68000000000006	0.0
4	312	0.0	0.0
5	264	0.0	0.0
5	270	0.0	0.0
5	272	514.5599999999997	0.0
5	273	212.60945969571642	0.0
6	68	658.2450991589872	0.0
6	69	0.0	0.0
6	70	0.0	0.0
6	71	607.8318839591012	0.0
7	86	95.42913141595483	0.0
7	87	0.0	0.0
7	88	0.0	0.0
7	89	247.2909610301802	0.0
8	99	405.26693596947194	0.0
8	117	48.96999999999994	0.0
8	121	531.7508685840437	0.0
8	134	0.0	0.0
9	83	0.0	0.0
9	84	0.0	0.0
9	95	468.98000000000013	0.0
9	97	0.0	0.0
10	172	0.0	0.0
10	175	223.96999999999986	0.0
10	238	2.0299999999999967	0.0
10	242	75.88999999999969	0.0
11	27	323.4184677470639	0.0
11	186	0.0	0.0
11	191	162.3191314159547	0.0
11	192	0.0	0.0
12	37	0.0	0.0
12	38	196.47727730822592	0.0
12	64	0.0	0.0
12	65	508.77272269177286	0.0
13	205	573.5856311087894	0.0
13	206	515.4418868030485	0.0
13	226	0.0	0.0
13	315	0.0	0.0
14	255	108.2600674593045	0.0
14	256	389.62887976122204	0.0
14	259	222.66711709911175	0.0
14	260	0.0	0.0
15	318	691.9465846666546	0.0
15	319	0.0	0.0
15	320	195.08000000000052	0.0
15	323	0.0	0.0
16	155	1075.7211612067963	0.0
16	277	1555.292390764219	0.0
16	282	175.60287502905956	0.0
16	285	0.0	0.0
17	140	0.0	0.0
17	142	601.1612138141074	0.0
17	149	57.949579274102405	0.0
17	151	330.94779242737513	0.0
18	145	6.070000000000009	0.0
18	146	178.91275698822704	0.0
18	156	0.0	0.0
18	157	0.0	0.0
19	46	339.08096745514973	0.0
19	49	0.0	0.0
19	334	112.76945969571636	0.0
19	337	0.0	0.0
20	209	1439.1121714187946	0.0
20	212	0.0	0.0
20	215	416.64105943887864	0.0
20	324	0.0	0.0
21	205	594.3975092175372	0.0
21	314	679.6826763558406	0.0
21	315	0.0	0.0
21	349	0.0	0.0
22	352	660.2754031834205	0.0
22	355	705.6619715775564	0.0
22	356	0.0	0.0
22	357	0.0	0.0
23	166	185.85989504153355	0.0
23	351	0.0	0.0
23	352	476.846776721596	0.0
23	353	532.9936187309828	0.0
24	238	26.759999999999955	0.0
24	239	0.0	0.0
24	242	11.000000000000004	0.0
24	243	0.0	0.0
25	206	475.25080681825307	0.0
25	214	455.9421394236724	0.0
25	218	0.0	0.0
26	58	0.0	0.0
26	59	149.08700272901007	0.0
26	60	0.0	0.0
26	61	6.452997270990137	0.0
27	11	263.69727730822507	0.0
27	28	323.4184677470639	3.6673196774461037
27	188	0.0	1.0
28	32	182.81999999999965	3.666733639873344
28	109	140.59846774706352	10.000117781582212
29	30	196.47727730822592	3.000072734164484
29	40	0.0	0.333333
30	33	196.47727730822592	7.000169713050463
30	189	0.0	11.333333
31	34	106.17767387325179	0.6666683785091695
32	33	67.21999999999996	5.333334771579343
32	40	182.81999999999965	1.6666972908548243
33	27	263.69727730822507	3.0002359998419603
33	189	0.0	2.0
34	31	0.0	0.333333
34	35	3.960420725897443	3.333333000013342
34	361	106.17767387325179	11.010787492584736
35	39	3.960420725897443	0.3333330000013342
35	163	19.612756988227222	2.0000000089194816
36	31	106.17767387325179	2.3333378247789915
36	35	19.612756988227222	0.33333300080241823
36	86	105.22096103018127	3.666674312205714
37	12	0.0	0.0
37	38	0.0	3.666667
38	12	0.0	0.0
38	29	196.47727730822592	4.666780142041723
39	36	135.5822604757048	1.3333403302364542
40	29	0.0	0.333333
40	41	182.81999999999965	2.333375407182215
41	65	182.81999999999965	10.666860861438163
42	44	0.0	22.0
43	42	0.0	6.666667
43	44	37.421299445524575	0.6666670394039218
43	361	6.452997270990137	12.666667000357338
44	43	0.0	0.333333
44	45	37.421299445524575	1.3333330425384793
45	43	6.452997270990137	6.333333000178667
45	67	37.421299445524575	27.666667882673675
46	19	0.0	0.0
46	47	339.08096745514973	1.3336197610467992
47	52	254.39824476337557	0.6667124290102338
47	141	84.68272269177339	2.0000031000184624
48	49	411.69032827975974	3.00140207674725
49	19	411.69032827975974	0.0
49	46	0.0	0.333333
49	334	0.0	6.0
50	51	315.5191378409239	3.333870464028086
51	48	25.769459695716318	0.6666670047829747
51	138	289.7496781452054	4.667658410910497
52	53	312.34782403747727	3.667234797248605
53	54	102.90967814520712	0.6666682164708667
53	263	209.4381458922707	6.000347960079659
54	57	315.5191378409239	1.6669357320946623
55	50	0.0	31.333333
55	56	0.0	0.333333
56	55	0.0	0.333333
56	264	0.0	13.333333
57	50	315.5191378409239	2.000322478449099
57	56	0.0	20.333333
58	26	152.75000000000065	0.0
58	59	0.0	0.333333
59	26	0.0	0.0
59	171	149.08700272901007	1.0000148906675606
60	26	0.0	0.0
60	61	0.0	0.666667
61	26	0.0	0.0
61	66	6.452997270990137	6.000000000169265
62	60	0.0	1.0
62	171	0.0	1.666667
63	65	0.0	19.333333
63	94	0.0	34.666667
64	12	0.0	0.0
64	65	0.0	4.0
65	12	677.3899999999956	0.0
65	37	0.0	2.333333
65	63	0.0	22.333333
65	190	0.0	31.0
65	248	508.77272269177286	14.694978214611758
66	45	6.452997270990137	30.666667000865132
67	58	37.421299445524575	2.0000000638077347
68	6	0.0	0.0
68	151	658.2450991589872	5.3635119601277825
69	6	0.0	0.0
69	68	0.0	3.0
70	6	468.6418839591044	0.0
70	71	0.0	4.0
71	6	799.6550991589866	0.0
71	69	0.0	7.333333
71	196	537.3570292446814	20.3844323462107
71	288	70.4748547144177	8.001522725927002
72	73	0.0	2.0
72	74	0.0	0.333333
73	74	0.0	1.666667
73	78	0.0	1.333333
73	232	0.0	9.0
74	72	0.0	0.333333
74	80	0.0	2.666667
75	76	162.3191314159547	4.333423668397023
75	115	228.48032185479343	0.3333603796915771
76	75	228.48032185479343	7.667296733563388
76	77	0.0	3.333333
76	341	162.3191314159547	15.6668439389018
79	72	0.0	2.333333
79	80	162.3191314159547	3.0160692309854906
80	75	162.3191314159547	18.096415385912945
80	187	0.0	0.666667
81	82	0.0	2.0
81	92	0.0	0.666667
82	85	0.0	9.0
82	96	0.0	0.666667
83	9	0.0	0.0
83	84	0.0	1.666667
84	9	129.99306403053077	0.0
84	95	0.0	2.333333
84	97	0.0	0.333333
85	103	223.96999999999986	1.666793404713788
85	125	0.0	3.0
86	7	105.22096103018127	0.0
86	36	95.42913141595483	6.333341545236401
86	87	0.0	3.0
86	233	0.0	0.666667
87	7	0.0	0.0
87	86	0.0	4.666667
87	89	0.0	5.333333
88	7	0.0	0.0
88	86	0.0	6.0
88	89	0.0	6.0
89	7	264.6591314159536	0.0
89	87	0.0	6.0
89	88	0.0	3.666667
89	93	247.2909610301802	9.333900855197385
90	81	0.0	2.666667
90	83	0.0	3.666667
90	91	0.0	0.666667
91	90	0.0	0.666667
91	249	0.0	23.333333
92	81	0.0	0.666667
92	91	0.0	4.666667
93	89	264.6591314159536	8.333998172280367
93	101	0.0	8.666667
93	330	247.2909610301802	11.334022538458314
94	90	0.0	9.0
95	9	0.0	0.0
95	99	468.98000000000013	11.095214935732725
96	82	0.0	0.666667
96	92	0.0	2.0
97	9	333.30693596946907	0.0
97	98	0.0	7.0
98	120	166.81999999999982	2.666700599214831
99	8	555.1427226917743	0.0
99	97	333.30693596946907	4.414846479393424
99	247	494.57000000000016	16.367830544429477
100	93	0.0	13.666667
101	147	0.0	27.666667
102	85	223.96999999999986	1.0000409380615507
102	96	0.0	1.333333
103	124	0.0	0.666667
103	137	223.96999999999986	2.0001516856262085
104	93	0.0	19.0
105	89	0.0	7.333333
106	98	166.81999999999982	0.6666753998068577
106	107	129.99306403053077	3.0000139370176933
107	84	129.99306403053077	0.3334780738027888
107	90	0.0	5.666667
108	32	67.21999999999996	20.33334551289035
108	109	0.0	2.333333
109	108	0.0	2.333333
109	111	0.0	11.666667
109	134	140.59846774706352	12.333478263947468
110	187	228.48032185479343	9.529590818473435
111	112	0.0	3.666667
111	131	0.0	34.333333
112	115	0.0	18.0
113	109	0.0	6.666667
114	111	0.0	9.666667
115	75	0.0	0.333333
115	110	228.48032185479343	6.80685116806824
115	111	0.0	9.666667
116	117	306.87661411467985	2.0005346138479188
117	8	288.6266141146779	0.0
117	99	0.0	1.666667
117	118	67.21999999999996	14.00000861543284
118	108	67.21999999999996	5.666670487199212
119	116	140.05661411467725	1.0000062601157973
119	123	0.0	2.666667
120	116	166.81999999999982	1.0000125997039868
120	119	0.0	1.333333
121	8	0.0	0.0
121	128	531.7508685840437	10.024098380925505
122	360	212.89967814520733	2.3334774879987807
123	130	0.0	1.333333
124	103	0.0	0.666667
124	125	0.0	3.333333
125	126	0.0	0.666667
125	177	0.0	1.666667
126	102	223.96999999999986	1.3384466145648033
127	129	212.89967814520733	0.6667082823119045
127	293	309.5699999999988	10.0027681556215
128	114	0.0	17.0
128	131	618.6408685840412	0.6696101908113664
129	122	212.89967814520733	10.667327516680855
129	128	86.89000000000007	2.0000034360875243
130	121	0.0	3.0
130	122	0.0	2.0
131	48	385.9208685840445	21.014040008871675
131	127	232.7199999999999	1.3334508768425026
132	133	72.84306403053	4.666669137605254
133	106	72.84306403053	2.66666926295877
133	135	0.0	1.0
134	8	140.59846774706352	0.0
134	130	0.0	14.333333
135	136	0.0	1.666667
136	124	0.0	1.666667
136	137	0.0	0.666667
137	106	223.96999999999986	1.6667352301162304
137	136	0.0	0.666667
138	127	289.7496781452054	9.001912006619385
139	140	0.0	2.333333
139	144	373.25485519654677	1.3341130375753023
140	17	0.0	0.0
140	142	0.0	1.0
140	149	0.0	1.333333
141	150	84.68272269177339	5.000007750046156
141	152	0.0	0.333333
142	17	0.0	0.0
142	143	321.6093740642952	0.3334404850689369
142	145	279.55183974980775	6.333962288241574
143	139	82.60190396811811	1.3333348709142927
143	258	417.92022708440413	1.7441581959696593
144	70	468.6418839591044	14.68799012563082
144	151	235.5607636648194	0.3333639346465666
145	18	153.99999999999977	0.0
145	146	0.0	2.0
145	153	131.62183974980826	12.666781585381225
146	18	2.4899999999999887	0.0
146	143	178.91275698822704	8.333590358787706
146	145	0.0	0.666667
146	276	0.0	2.666667
147	100	0.0	27.333333
147	148	57.949579274102405	2.000000679807854
147	160	84.68272269177339	12.666686633450778
148	150	0.0	0.333333
148	152	57.949579274102405	11.66667096554593
149	17	84.68272269177339	0.0
149	142	0.0	4.333333
149	158	57.949579274102405	11.66667096554593
150	147	84.68272269177339	3.6666726833676977
150	148	0.0	0.333333
151	17	893.8058628238065	0.0
151	140	0.0	4.666667
151	144	330.94779242737513	0.3334535233787309
152	52	57.949579274102405	4.666667856201207
152	141	0.0	0.333333
153	154	131.62183974980826	5.000045231070346
153	162	0.0	0.333333
154	39	131.62183974980826	0.6666702552823255
154	163	0.0	0.333333
155	3	1075.7211612067963	0.0
155	16	1088.281428394717	0.0
155	159	0.0	5.333333
156	18	19.612756988227222	0.0
156	157	0.0	5.0
157	18	0.0	0.0
157	146	0.0	8.0
157	275	0.0	0.333333
158	147	57.949579274102405	8.000002719231416
159	200	0.0	12.666667
160	149	84.68272269177339	8.666680433413854
161	3	0.0	0.0
161	211	565.6961456737323	9.696504653770265
162	153	0.0	0.333333
162	156	19.612756988227222	6.000000026758444
163	154	0.0	0.333333
163	162	19.612756988227222	3.333333014865801
164	165	145.31511028334089	12.00016127957954
164	168	115.32870055447538	5.000026660889345
164	170	3.7718924456682483	40.33333306299359
165	164	54.61870055447567	18.000004828286055
165	167	0.0	53.0
165	251	87.103350382506	2.3333370482861002
165	252	303.13087871068075	2.7009848018685787
166	23	63.34109410933767	0.0
166	165	191.27775190501558	44.79124625694989
167	166	68.75895097282041	11.335287652759062
167	274	2.4899999999999887	10.666667000012358
167	361	0.0	3.333333
168	58	115.32870055447538	13.000069318312297
168	66	0.0	4.666667
169	164	60.709999999999745	35.33703656981988
170	1	250.86189244566788	0.0
170	169	60.709999999999745	14.334835391509937
170	329	0.0	1.666667
171	164	149.08700272901007	16.333576214231858
172	10	0.0	0.0
172	183	0.0	0.666667
173	174	223.96999999999986	5.688399868612035
174	181	223.96999999999986	2.007670423764811
175	10	0.0	0.0
175	173	223.96999999999986	2.3422818264472087
175	182	0.0	1.333333
176	126	223.96999999999986	7.026846483176838
176	177	0.0	0.666667
177	176	0.0	0.666667
177	179	0.0	2.0
178	182	0.0	6.666667
179	180	0.0	2.666667
180	178	0.0	2.666667
180	181	0.0	0.333333
181	180	0.0	0.333333
181	185	223.96999999999986	2.6768942329648184
182	172	0.0	1.666667
182	175	0.0	0.333333
183	184	0.0	0.333333
183	292	0.0	8.333333
184	175	0.0	2.333333
185	176	223.96999999999986	5.353787462094425
186	11	0.0	0.0
186	28	0.0	10.0
187	186	0.0	3.333333
187	191	228.48032185479343	0.6806854231151113
188	192	0.0	2.666667
189	190	0.0	10.0
190	64	0.0	12.333333
191	11	228.48032185479343	0.0
191	79	162.3191314159547	1.000011293972215
192	11	0.0	0.0
192	191	0.0	4.333333
193	194	0.0	9.666667
194	197	187.3305263852351	2.003753999165482
194	200	995.2061227319406	5.1478349757568544
195	3	818.5229522123565	0.0
195	201	219.4860860166801	8.362809551596087
196	71	720.0814800824944	16.129658675618654
196	197	1052.0984455831922	4.839007504902892
196	200	486.7073663604225	3.0050739708210825
197	198	416.3065318583099	0.33363477707463335
197	356	823.1224401101144	15.29694990531923
198	199	460.73884194472123	1.0686830017972995
198	302	661.2296614911476	1.3410155070770287
199	194	1182.5366491171708	2.117880906207801
199	228	520.2186494997447	12.22790937915357
200	196	166.2378720172049	1.6667053639886034
200	229	0.0	0.666667
200	282	1315.6756170751537	4.361252057324317
201	193	0.0	6.0
201	228	219.4860860166801	0.3345120609319438
202	203	195.08000000000052	9.33355291539022
202	207	0.0	0.666667
203	210	195.08000000000052	0.6666827082505737
203	322	0.04954666597778776	10.666667
204	2	232.3954215701104	0.0
204	205	465.24829920006727	16.022595096083222
204	209	0.0	7.333333
204	219	0.0	7.0
204	223	0.0	7.666667
205	13	595.446711093581	0.0
205	21	805.3893068626995	0.0
205	204	232.3954215701104	14.667956426928468
205	226	0.0	7.666667
206	13	475.25080681825307	0.0
206	25	515.4418868030485	0.0
206	218	0.0	11.0
207	202	0.0	1.0
207	323	468.9465846666546	4.673469293304442
208	203	0.04954666597778776	0.666667
208	207	468.9465846666546	7.005507562365385
209	2	1439.1121714187946	0.0
209	20	631.2829777838372	0.0
209	215	0.0	12.0
210	208	0.0	1.0
210	223	0.018032023576073974	19.333333
210	325	760.758113650155	7.744068255436968
211	210	565.6961456737323	13.689437017589448
212	20	0.0	0.0
212	215	0.0	8.666667
213	215	0.0	12.0
213	218	0.0	9.0
214	25	0.0	0.0
214	215	455.9421394236724	14.667977091498656
215	20	455.9421394236724	0.0
215	204	0.0	22.0
215	217	0.0	5.0
215	218	416.64105943887864	16.02264134345068
215	326	0.0	14.333333
216	213	0.0	5.0
217	220	0.0	7.0
218	25	416.64105943887864	0.0
218	214	0.0	0.666667
218	216	0.0	5.333333
218	226	0.0	28.0
219	2	0.0	0.0
219	325	468.99613133263335	6.0087495017989365
220	213	0.0	2.333333
221	2	739.7227675399979	0.0
221	222	818.5229522123565	1.122769411282304
222	204	0.0	10.0
222	223	818.5229522123565	5.951366450707374
223	210	0.0	15.0
223	221	0.018032023576073974	0.333333
223	224	818.5229522123565	2.806922686129122
224	195	818.5229522123565	15.71876333718588
224	225	0.0	0.333333
225	221	739.7047355164243	7.281568765018406
225	224	0.0	0.333333
226	13	0.0	0.0
226	205	0.0	8.0
226	206	0.0	9.0
226	314	0.0	13.0
227	225	739.7047355164243	22.815582615828923
228	201	0.0	0.666667
228	227	739.7047355164243	2.9126275060073623
229	161	0.0	16.0
230	27	0.0	0.666667
230	188	0.0	4.0
231	230	0.0	6.333333
232	234	0.0	4.666667
233	88	0.0	5.0
234	235	0.0	0.333333
235	236	0.0	5.0
236	234	0.0	5.333333
237	231	0.0	3.0
238	10	309.7299999999986	0.0
238	24	28.63000000000004	0.0
238	239	0.0	2.0
238	242	0.0	0.333333
239	24	0.0	0.0
239	240	0.0	8.666667
239	243	0.0	0.333333
240	295	0.0	1.333333
240	297	0.0	1.666667
241	244	0.0	0.333333
241	245	309.5699999999988	2.333978902886078
242	10	0.0	0.0
242	24	0.0	0.0
242	238	0.0	0.666667
242	246	86.89000000000007	6.333343880943254
243	24	0.0	0.0
243	239	0.0	0.333333
243	242	0.0	1.666667
244	241	0.0	0.333333
244	291	86.89000000000007	3.666673299494367
245	238	309.5699999999988	5.668235621611122
245	246	0.0	0.333333
246	244	86.89000000000007	2.333337008768206
246	245	0.0	0.333333
247	248	494.57000000000016	6.000276985685247
248	65	494.57000000000016	18.550207950353407
248	108	0.0	11.333333
248	250	508.77272269177286	13.225480723787602
249	63	0.0	18.666667
250	99	508.77272269177286	6.612740361893801
251	165	108.2600674593045	5.3333550814153785
251	265	87.103350382506	5.66667683155394
252	251	0.0	5.0
252	254	0.0	1.0
252	266	303.13087871068075	12.492052809512476
253	252	0.0	0.333333
255	14	0.0	0.0
255	256	0.0	0.333333
255	267	108.2600674593045	4.333350941149736
256	14	47.4270027290098	0.0
256	261	429.30522741471947	0.6673495409269856
257	139	290.65295122842826	3.3695913145522307
257	258	0.0	2.0
258	354	417.92022708440413	10.813778303424588
259	14	291.06713307126324	0.0
259	255	0.0	0.666667
259	268	222.68298506302742	7.026234702265378
260	14	357.21192851936723	0.0
260	255	0.0	10.666667
261	259	0.0	2.0
261	306	429.30522741471947	3.0030714326357186
262	54	212.60945969571642	11.000365671316251
262	263	0.0	0.333333
263	262	0.0	0.333333
263	272	209.4381458922707	13.334106244602133
264	5	0.0	0.0
264	270	0.0	13.333333
265	267	87.103350382506	6.666678566533945
266	252	0.0	27.0
266	350	450.97087871067873	14.173881314176214
267	251	108.2600674593045	21.666756705756963
267	256	87.103350382506	7.333345723186125
268	352	222.68298506302742	10.037478146093397
269	1	0.0	0.0
269	266	147.8399999999999	5.003640556555023
270	5	648.6246049813014	0.0
270	56	0.0	26.666667
270	272	0.0	0.666667
270	273	0.0	1.333333
271	270	648.6246049813014	5.026674649055277
271	280	378.3200000000001	0.6670786244801828
272	5	100.97485471441755	0.0
272	270	0.0	0.333333
272	280	613.924526815774	12.386140478079245
272	287	79.5736190764942	7.335601677935322
273	5	0.0	0.0
273	262	212.60945969571642	6.667077576540504
274	276	2.4899999999999887	0.6666670000007724
275	157	0.0	3.666667
275	276	0.0	0.666667
276	146	2.4899999999999887	5.333333000006179
276	167	0.0	35.666667
277	16	0.0	0.0
277	196	1555.292390764219	12.15573275003397
278	271	1026.9446049812998	0.6890156895163884
278	344	0.0	4.0
279	278	691.9465846666546	3.6920017593477965
279	318	445.20999999999896	3.3372802385841753
280	281	61.34999999999985	0.3333331423284148
280	283	930.8945268157761	2.0452675444114132
281	278	334.99802031464304	0.3334595325633905
281	279	445.20999999999896	1.334911895196836
282	16	772.4204717895747	0.0
282	289	718.8580203146435	9.744471422127171
283	285	930.8945268157761	4.772291277837889
284	281	718.8580203146435	5.71227648994334
284	283	0.0	0.333333
285	16	930.8945268157761	0.0
285	277	0.0	7.0
286	290	70.4748547144177	8.33491917277718
287	272	70.4748547144177	19.670410367967325
287	290	79.5736190764942	3.6678013391223434
288	71	79.5736190764942	16.338385964618865
288	286	70.4748547144177	3.0005710222226254
289	284	718.8580203146435	4.032194932183832
290	287	70.4748547144177	3.6673649161133226
290	288	79.5736190764942	11.670276260618827
291	294	86.89000000000007	2.333337008768206
292	240	0.0	0.333333
292	243	0.0	3.0
293	241	309.5699999999988	5.668235621611122
294	129	86.89000000000007	15.666693916019513
296	295	0.0	0.666667
296	297	0.0	2.0
297	333	0.0	1.0
298	4	776.1374775089264	0.0
298	299	0.0	1.333333
298	307	1533.0701045801911	1.1664957271322591
299	4	0.0	0.0
299	303	0.0	8.0
299	313	0.0	0.333333
300	298	429.30522741471947	8.67554002795557
300	301	291.0830010351799	2.0004327652732425
301	300	429.30522741471947	2.002047621757146
301	305	291.0830010351799	7.001514678456349
302	304	0.0	0.333333
302	311	661.2296614911476	10.728127073901874
303	4	0.0	0.0
303	309	266.68000000000006	2.0003048925514406
303	312	0.0	0.333333
304	199	1242.016456672193	3.9296549829305256
304	302	0.0	0.333333
305	259	291.0830010351799	14.669840612075907
305	301	429.30522741471947	4.671444784441277
306	305	429.30522741471947	7.340840946101598
307	308	1242.016456672193	2.857930994106199
307	311	291.05364790799536	0.3334050983841611
308	304	1242.016456672193	8.216550938227831
309	170	266.68000000000006	21.003201371790126
310	198	705.6619715775564	16.075905788476426
311	298	661.2003083639646	0.33525328431198737
311	300	291.0830010351799	2.3338378927466557
312	4	740.6245688015093	0.0
312	303	0.0	0.333333
312	313	0.0	8.333333
313	299	0.0	0.333333
313	307	0.0	2.333333
314	21	0.0	0.0
314	348	679.6826763558406	16.786855815933585
315	13	0.0	0.0
315	21	0.0	0.0
315	226	0.0	14.333333
318	15	445.20999999999896	0.0
318	279	691.9465846666546	5.034547395969959
318	320	0.0	4.0
319	15	0.0	0.0
319	318	0.0	3.333333
320	15	0.0	0.0
320	202	195.08000000000052	22.0009603481446
321	345	0.0	5.333333
322	346	0.04954666597778776	1.666667
323	15	468.9465846666546	0.0
323	319	0.0	11.333333
324	20	760.758113650155	0.0
324	326	0.0	11.666667
325	204	0.0	15.666667
325	208	468.99613133263335	11.683679920650684
325	324	760.758113650155	10.573669403220052
326	212	0.0	1.333333
326	325	0.0	23.333333
326	327	0.0	5.666667
327	326	0.0	7.666667
328	327	0.0	9.0
329	1	0.0	0.0
329	312	740.6245688015093	20.18137502619875
330	331	218.0508621590767	0.666691519299892
330	340	29.240098871104845	2.000000023785551
331	76	228.48032185479343	18.66749461787526
331	341	102.33999999999958	0.33333359487790165
332	330	0.0	0.666667
332	335	264.6591314159536	6.667199137872187
333	184	0.0	2.333333
333	292	0.0	1.333333
334	19	0.0	0.0
334	337	0.0	0.333333
334	338	112.76945969571636	7.666687171605843
335	93	264.6591314159536	2.6668798551648383
336	337	29.240098871104845	8.000000095142203
336	338	0.0	0.333333
337	19	29.240098871104845	0.0
337	46	0.0	20.0
337	334	0.0	0.333333
338	336	0.0	0.333333
338	339	112.76945969571636	6.000015786473451
339	342	112.76945969571636	11.33336281889342
339	343	0.0	0.333333
340	342	0.0	0.333333
340	343	29.240098871104845	7.000000083249428
341	332	264.6591314159536	1.0000798206768369
342	331	112.76945969571636	5.666681909448026
342	340	0.0	0.333333
343	336	29.240098871104845	6.000000071356652
343	339	0.0	0.333333
344	271	0.0	10.666667
344	347	0.0	9.666667
345	344	0.0	5.666667
346	3	0.04954666597778776	0.0
346	155	0.0	6.0
347	321	0.0	1.333333
348	1	679.6826763558406	0.0
348	269	0.0	10.333333
349	21	450.97087871067873	0.0
349	315	0.0	7.333333
350	349	450.97087871067873	12.40214681430489
351	23	0.0	0.0
351	357	0.0	9.0
351	359	0.0	0.333333
352	22	520.2149346508609	0.0
352	23	839.5902303171832	0.0
352	353	0.0	5.666667
353	23	303.04896606759286	0.0
353	351	0.0	2.0
353	354	290.65295122842826	0.6739186672614443
353	358	357.21192851936723	9.906556109618169
354	257	290.65295122842826	7.413101296365905
354	353	417.92022708440413	1.046494708282854
355	22	0.0	0.0
355	310	705.6619715775564	10.56416681847705
355	356	0.0	0.333333
356	22	823.1224401101144	0.0
356	355	0.0	1.666667
356	359	0.0	13.0
357	22	0.0	0.0
357	355	0.0	3.666667
358	260	357.21192851936723	12.981004451415245
359	351	0.0	0.333333
359	354	0.0	6.333333
360	119	140.05661411467725	5.333366387282165
360	132	72.84306403053	2.000000916116472
361	34	3.960420725897443	12.333333023412122
361	43	37.421299445524575	14.000000446654143
361	167	71.24895097281983	3.3334639249937466
