origin destination total_flow
time flow nodes_in_path
1 2 22.59
43.83 8.39 1 269 266 350 349 21 205 13 206 25 214 215 20 209 2 
46.769999999999996 14.2 1 269 266 350 349 21 205 204 2 

1 12 1.52
173.63 1.0 1 329 312 4 298 307 308 304 199 194 200 282 289 284 281 278 271 270 5 273 262 54 57 50 51 138 127 129 122 360 119 116 117 8 99 247 248 65 12 
182.97999999999996 0.52 1 329 312 4 298 307 308 304 199 194 200 196 71 6 68 151 17 142 145 153 154 39 36 86 7 89 93 330 331 76 75 115 110 187 191 11 27 28 32 40 41 65 12 

1 20 10.2
43.83 3.79 1 269 266 350 349 21 205 13 206 25 214 215 20 
46.769999999999996 6.409999999999999 1 269 266 350 349 21 205 204 2 209 20 

2 1 22.5
29.130000000000003 7.06 2 209 20 215 218 25 206 13 205 21 314 348 1 
31.53 15.44 2 204 205 21 314 348 1 

2 3 41.82
16.68 26.49 2 221 222 223 224 195 3 
21.21 2.91 2 204 223 224 195 3 
30.82 12.42 2 219 325 208 203 322 346 3 

2 4 86.27
46.38000000000001 0.02 2 221 222 223 224 195 3 155 16 277 196 197 198 302 311 298 4 
49.260000000000005 27.05 2 209 20 215 218 25 206 13 205 21 314 348 1 329 312 4 
51.66 59.2 2 204 205 21 314 348 1 329 312 4 

2 5 43.27
42.14999999999999 0.01 2 221 222 223 224 195 3 155 16 282 289 284 281 278 271 270 5 
43.91 43.26 2 219 325 208 207 323 15 318 279 278 271 270 5 

2 6 38.19
44.79 24.19 2 221 222 223 224 195 3 155 16 277 196 71 6 
49.31999999999999 2.65 2 204 223 224 195 3 155 16 277 196 71 6 
58.92999999999999 11.339999999999998 2 219 325 208 203 322 346 3 155 16 277 196 71 6 
66.62 1.7763568394002505e-15 2 219 325 208 203 322 346 3 155 159 200 196 71 6 

2 7 3.04
79.84 1.93 2 221 222 223 224 195 3 155 16 277 196 71 6 68 151 17 142 145 153 154 39 36 86 7 
84.36999999999999 0.21 2 204 223 224 195 3 155 16 277 196 71 6 68 151 17 142 145 153 154 39 36 86 7 
93.97999999999999 0.9 2 219 325 208 203 322 346 3 155 16 277 196 71 6 68 151 17 142 145 153 154 39 36 86 7 

2 13 17.68
13.67 5.55 2 209 20 215 218 25 206 13 
16.07 12.13 2 204 205 13 

2 14 47.42
66.71000000000001 0.01 2 221 222 223 224 195 3 155 16 277 196 197 356 22 352 23 353 358 260 14 
72.07000000000001 0.01 2 221 222 223 224 195 3 155 16 277 196 197 198 302 311 300 301 305 259 14 
76.74 14.87 2 209 20 215 218 25 206 13 205 21 314 348 1 329 312 4 298 307 311 300 301 305 259 14 
79.13999999999999 32.52 2 204 205 21 314 348 1 329 312 4 298 307 311 300 301 305 259 14 
86.21000000000001 0.00999999999999801 2 219 325 208 203 322 346 3 155 16 277 196 197 198 302 311 300 301 305 259 14 

2 16 32.58
16.68 20.64 2 221 222 223 224 195 3 155 16 
21.21 2.259999999999998 2 204 223 224 195 3 155 16 
30.82 9.68 2 219 325 208 203 322 346 3 155 16 

2 17 39.95
50.17 25.31 2 221 222 223 224 195 3 155 16 277 196 71 6 68 151 17 
54.699999999999996 2.7699999999999996 2 204 223 224 195 3 155 16 277 196 71 6 68 151 17 
64.30999999999999 11.86 2 219 325 208 203 322 346 3 155 16 277 196 71 6 68 151 17 
72.0 0.009999999999999787 2 219 325 208 203 322 346 3 155 159 200 196 71 6 68 151 17 

2 18 13.96
56.5 8.84 2 221 222 223 224 195 3 155 16 277 196 71 6 68 151 17 142 145 18 
61.029999999999994 0.97 2 204 223 224 195 3 155 16 277 196 71 6 68 151 17 142 145 18 
70.63999999999999 4.15 2 219 325 208 203 322 346 3 155 16 277 196 71 6 68 151 17 142 145 18 

2 21 24.39
13.67 7.65 2 209 20 215 218 25 206 13 205 21 
16.07 16.74 2 204 205 21 

2 22 46.36
44.3 29.37 2 221 222 223 224 195 3 155 16 277 196 197 356 22 
48.83 3.22 2 204 223 224 195 3 155 16 277 196 197 356 22 
58.44 13.76 2 219 325 208 203 322 346 3 155 16 277 196 197 356 22 
85.6 0.00999999999999801 2 219 325 208 203 322 346 3 155 159 200 196 71 6 68 151 17 142 143 258 354 353 23 352 22 

2 23 27.87
44.3 17.66 2 221 222 223 224 195 3 155 16 277 196 197 356 22 352 23 
48.83 1.9299999999999997 2 204 223 224 195 3 155 16 277 196 197 356 22 352 23 
58.44 8.28 2 219 325 208 203 322 346 3 155 16 277 196 197 356 22 352 23 

2 25 15.0
13.67 4.71 2 209 20 215 218 25 
16.07 10.29 2 204 205 13 206 25 

2 26 10.55
96.80000000000001 3.31 2 209 20 215 218 25 206 13 205 21 314 348 1 170 169 164 168 58 26 
99.2 7.24 2 204 205 21 314 348 1 170 169 164 168 58 26 

3 2 42.0
34.57 6.24 3 195 201 228 227 225 221 2 
39.900000000000006 25.36 3 161 211 210 325 324 20 209 2 
43.9 10.36 3 161 211 210 223 221 2 
46.84 0.03999999999999915 3 161 211 210 325 204 2 

3 4 68.8
29.700000000000003 68.79 3 155 16 277 196 197 198 302 311 298 4 
37.39000000000001 0.009999999999990905 3 155 159 200 196 197 198 302 311 298 4 

3 13 21.0
48.24 3.12 3 195 201 228 227 225 221 2 209 20 215 218 25 206 13 
53.57000000000001 3.4699999999999998 3 161 211 210 325 324 20 215 218 25 206 13 
55.970000000000006 9.21 3 161 211 210 325 324 20 209 2 204 205 13 
59.97 5.18 3 161 211 210 223 221 2 204 205 13 
62.910000000000004 0.019999999999999574 3 161 211 210 325 204 205 13 

3 14 54.28
50.03 0.01 3 155 16 277 196 197 356 22 352 23 353 358 260 14 
55.39 54.260000000000005 3 155 16 277 196 197 198 302 311 300 301 305 259 14 
63.08 0.00999999999999801 3 155 159 200 196 197 198 302 311 300 301 305 259 14 

3 17 46.22
33.49 46.21 3 155 16 277 196 71 6 68 151 17 
41.18 0.00999999999999801 3 155 159 200 196 71 6 68 151 17 

3 20 67.93
34.57 10.09 3 195 201 228 227 225 221 2 209 20 
39.900000000000006 41.02 3 161 211 210 325 324 20 
43.9 16.76 3 161 211 210 223 221 2 209 20 
46.84 0.05999999999999517 3 161 211 210 325 204 2 209 20 

3 21 23.91
48.24 3.55 3 195 201 228 227 225 221 2 209 20 215 218 25 206 13 205 21 
53.57000000000001 3.95 3 161 211 210 325 324 20 215 218 25 206 13 205 21 
55.970000000000006 10.489999999999998 3 161 211 210 325 324 20 209 2 204 205 21 
59.97 5.8999999999999995 3 161 211 210 223 221 2 204 205 21 
62.910000000000004 0.02 3 161 211 210 325 204 205 21 

3 22 40.92
27.62 40.91 3 155 16 277 196 197 356 22 
54.78000000000001 0.01 3 155 159 200 196 71 6 68 151 17 142 143 258 354 353 23 352 22 

3 23 29.82
27.62 29.81 3 155 16 277 196 197 356 22 352 23 
54.78000000000001 0.01 3 155 159 200 196 71 6 68 151 17 142 143 258 354 353 23 

3 25 12.71
48.24 1.89 3 195 201 228 227 225 221 2 209 20 215 218 25 
53.57000000000001 2.1000000000000005 3 161 211 210 325 324 20 215 218 25 
55.970000000000006 5.579999999999999 3 161 211 210 325 324 20 209 2 204 205 13 206 25 
59.97 3.13 3 161 211 210 223 221 2 204 205 13 206 25 
62.910000000000004 0.009999999999999787 3 161 211 210 325 204 205 13 206 25 

4 2 86.27
53.25 86.23 4 298 307 308 304 199 228 227 225 221 2 
66.83 0.01 4 303 309 170 1 269 266 350 349 21 205 13 206 25 214 215 20 209 2 
67.24 0.01999999999999602 4 298 307 308 304 199 194 200 282 16 155 3 161 211 210 325 324 20 209 2 
69.77 0.01 4 303 309 170 1 269 266 350 349 21 205 204 2 

4 12 15.09
153.5 9.92 4 298 307 308 304 199 194 200 282 289 284 281 278 271 270 5 273 262 54 57 50 51 138 127 129 122 360 119 116 117 8 99 247 248 65 12 
162.84999999999997 5.17 4 298 307 308 304 199 194 200 196 71 6 68 151 17 142 145 153 154 39 36 86 7 89 93 330 331 76 75 115 110 187 191 11 27 28 32 40 41 65 12 

4 17 75.29
43.86 0.01 4 298 307 308 304 199 194 197 356 22 352 23 353 354 257 139 144 151 17 
46.160000000000004 75.28 4 298 307 308 304 199 194 200 196 71 6 68 151 17 

4 20 122.38
53.25 122.32 4 298 307 308 304 199 228 227 225 221 2 209 20 
66.83 0.01 4 303 309 170 1 269 266 350 349 21 205 13 206 25 214 215 20 
67.24 0.04 4 298 307 308 304 199 194 200 282 16 155 3 161 211 210 325 324 20 
69.77 0.01 4 303 309 170 1 269 266 350 349 21 205 204 2 209 20 

4 22 47.54
30.61 47.53 4 298 307 308 304 199 194 197 356 22 
44.55 0.00999999999999801 4 298 307 311 300 301 305 259 268 352 22 

4 23 45.19
30.61 45.18 4 298 307 308 304 199 194 197 356 22 352 23 
44.55 0.00999999999999801 4 298 307 311 300 301 305 259 268 352 23 

5 2 43.69
53.68999999999999 6.49 5 272 280 283 285 16 155 3 195 201 228 227 225 221 2 
59.019999999999996 26.38 5 272 280 283 285 16 155 3 161 211 210 325 324 20 209 2 
63.02 10.78 5 272 280 283 285 16 155 3 161 211 210 223 221 2 
65.96 0.03999999999999737 5 272 280 283 285 16 155 3 161 211 210 325 204 2 

5 4 68.93
48.82000000000001 68.92 5 272 280 283 285 16 277 196 197 198 302 311 298 4 
56.510000000000005 0.01 5 272 280 283 285 16 155 159 200 196 197 198 302 311 298 4 

5 13 16.79
67.35999999999999 2.49 5 272 280 283 285 16 155 3 195 201 228 227 225 221 2 209 20 215 218 25 206 13 
72.69 2.7799999999999994 5 272 280 283 285 16 155 3 161 211 210 325 324 20 215 218 25 206 13 
75.09 7.360000000000001 5 272 280 283 285 16 155 3 161 211 210 325 324 20 209 2 204 205 13 
79.09 4.14 5 272 280 283 285 16 155 3 161 211 210 223 221 2 204 205 13 
82.03 0.009999999999999787 5 272 280 283 285 16 155 3 161 211 210 325 204 205 13 

5 14 34.29
74.51 6.93 5 272 280 283 285 16 277 196 197 198 302 311 300 301 305 259 14 
80.63 27.35 5 272 287 290 288 71 6 68 151 17 142 143 258 354 353 358 260 14 

5 20 71.2
53.68999999999999 10.58 5 272 280 283 285 16 155 3 195 201 228 227 225 221 2 209 20 
59.019999999999996 43.0 5 272 280 283 285 16 155 3 161 211 210 325 324 20 
63.02 17.56 5 272 280 283 285 16 155 3 161 211 210 223 221 2 209 20 
65.96 0.05999999999999872 5 272 280 283 285 16 155 3 161 211 210 325 204 2 209 20 

5 21 22.82
67.35999999999999 3.39 5 272 280 283 285 16 155 3 195 201 228 227 225 221 2 209 20 215 218 25 206 13 205 21 
72.69 3.77 5 272 280 283 285 16 155 3 161 211 210 325 324 20 215 218 25 206 13 205 21 
75.09 10.01 5 272 280 283 285 16 155 3 161 211 210 325 324 20 209 2 204 205 21 
79.09 5.629999999999999 5 272 280 283 285 16 155 3 161 211 210 223 221 2 204 205 21 
82.03 0.02 5 272 280 283 285 16 155 3 161 211 210 325 204 205 21 

5 22 36.6
46.739999999999995 0.04 5 272 280 283 285 16 277 196 197 356 22 
58.220000000000006 36.56 5 272 287 290 288 71 6 68 151 17 142 143 258 354 353 23 352 22 

5 23 23.42
46.739999999999995 0.02 5 272 280 283 285 16 277 196 197 356 22 352 23 
58.220000000000006 23.4 5 272 287 290 288 71 6 68 151 17 142 143 258 354 353 23 

5 25 10.41
67.35999999999999 1.55 5 272 280 283 285 16 155 3 195 201 228 227 225 221 2 209 20 215 218 25 
72.69 1.72 5 272 280 283 285 16 155 3 161 211 210 325 324 20 215 218 25 
75.09 4.57 5 272 280 283 285 16 155 3 161 211 210 325 324 20 209 2 204 205 13 206 25 
79.09 2.5600000000000005 5 272 280 283 285 16 155 3 161 211 210 223 221 2 204 205 13 206 25 
82.03 0.009999999999998899 5 272 280 283 285 16 155 3 161 211 210 325 204 205 13 206 25 

6 2 38.69
62.419999999999995 5.75 6 71 196 200 282 16 155 3 195 201 228 227 225 221 2 
67.75 23.37 6 71 196 200 282 16 155 3 161 211 210 325 324 20 209 2 
71.75 9.54 6 71 196 200 282 16 155 3 161 211 210 223 221 2 
74.69 0.029999999999997584 6 71 196 200 282 16 155 3 161 211 210 325 204 2 

6 13 19.17
76.08999999999999 2.85 6 71 196 200 282 16 155 3 195 201 228 227 225 221 2 209 20 215 218 25 206 13 
81.42 3.1599999999999997 6 71 196 200 282 16 155 3 161 211 210 325 324 20 215 218 25 206 13 
83.82 8.42 6 71 196 200 282 16 155 3 161 211 210 325 324 20 209 2 204 205 13 
87.82 4.73 6 71 196 200 282 16 155 3 161 211 210 223 221 2 204 205 13 
90.75999999999999 0.009999999999999787 6 71 196 200 282 16 155 3 161 211 210 325 204 205 13 

6 20 22.21
62.419999999999995 3.3 6 71 196 200 282 16 155 3 195 201 228 227 225 221 2 209 20 
67.75 13.41 6 71 196 200 282 16 155 3 161 211 210 325 324 20 
71.75 5.4799999999999995 6 71 196 200 282 16 155 3 161 211 210 223 221 2 209 20 
74.69 0.019999999999999574 6 71 196 200 282 16 155 3 161 211 210 325 204 2 209 20 

6 21 25.01
76.08999999999999 3.72 6 71 196 200 282 16 155 3 195 201 228 227 225 221 2 209 20 215 218 25 206 13 205 21 
81.42 4.129999999999999 6 71 196 200 282 16 155 3 161 211 210 325 324 20 215 218 25 206 13 205 21 
83.82 10.97 6 71 196 200 282 16 155 3 161 211 210 325 324 20 209 2 204 205 21 
87.82 6.17 6 71 196 200 282 16 155 3 161 211 210 223 221 2 204 205 21 
90.75999999999999 0.019999999999999574 6 71 196 200 282 16 155 3 161 211 210 325 204 205 21 

6 25 1.67
76.08999999999999 0.25 6 71 196 200 282 16 155 3 195 201 228 227 225 221 2 209 20 215 218 25 
81.42 0.27 6 71 196 200 282 16 155 3 161 211 210 325 324 20 215 218 25 
83.82 0.74 6 71 196 200 282 16 155 3 161 211 210 325 324 20 209 2 204 205 13 206 25 
87.82 0.4099999999999999 6 71 196 200 282 16 155 3 161 211 210 223 221 2 204 205 13 206 25 

7 2 5.29
95.21 5.28 7 86 36 31 34 361 167 166 23 352 22 355 310 198 199 228 227 225 221 2 
111.50999999999999 0.009999999999999787 7 86 36 35 163 162 156 18 146 143 139 144 70 6 71 196 200 282 16 155 3 161 211 210 325 324 20 209 2 

7 9 53.9
95.4 27.15 7 89 93 330 331 76 75 115 110 187 191 11 27 28 109 134 8 99 97 9 
97.01 26.75 7 89 93 330 340 343 336 337 19 46 47 52 53 54 57 50 51 138 127 129 122 360 132 133 106 107 84 9 

8 2 1.46
113.39 0.22 8 121 128 131 48 49 19 46 47 52 53 263 272 280 283 285 16 155 3 195 201 228 227 225 221 2 
118.72 0.88 8 121 128 131 48 49 19 46 47 52 53 263 272 280 283 285 16 155 3 161 211 210 325 324 20 209 2 
122.72 0.36 8 121 128 131 48 49 19 46 47 52 53 263 272 280 283 285 16 155 3 161 211 210 223 221 2 

8 13 1.11
127.06 0.16 8 121 128 131 48 49 19 46 47 52 53 263 272 280 283 285 16 155 3 195 201 228 227 225 221 2 209 20 215 218 25 206 13 
132.39 0.18999999999999997 8 121 128 131 48 49 19 46 47 52 53 263 272 280 283 285 16 155 3 161 211 210 325 324 20 215 218 25 206 13 
134.79 0.4800000000000001 8 121 128 131 48 49 19 46 47 52 53 263 272 280 283 285 16 155 3 161 211 210 325 324 20 209 2 204 205 13 
138.79 0.27 8 121 128 131 48 49 19 46 47 52 53 263 272 280 283 285 16 155 3 161 211 210 223 221 2 204 205 13 

8 20 1.52
113.39 0.23 8 121 128 131 48 49 19 46 47 52 53 263 272 280 283 285 16 155 3 195 201 228 227 225 221 2 209 20 
118.72 0.92 8 121 128 131 48 49 19 46 47 52 53 263 272 280 283 285 16 155 3 161 211 210 325 324 20 
122.72 0.37 8 121 128 131 48 49 19 46 47 52 53 263 272 280 283 285 16 155 3 161 211 210 223 221 2 209 20 

8 21 1.55
127.06 0.23 8 121 128 131 48 49 19 46 47 52 53 263 272 280 283 285 16 155 3 195 201 228 227 225 221 2 209 20 215 218 25 206 13 205 21 
132.39 0.26 8 121 128 131 48 49 19 46 47 52 53 263 272 280 283 285 16 155 3 161 211 210 325 324 20 215 218 25 206 13 205 21 
134.79 0.6799999999999999 8 121 128 131 48 49 19 46 47 52 53 263 272 280 283 285 16 155 3 161 211 210 325 324 20 209 2 204 205 21 
138.79 0.38 8 121 128 131 48 49 19 46 47 52 53 263 272 280 283 285 16 155 3 161 211 210 223 221 2 204 205 21 

8 25 0.09
127.06 0.01 8 121 128 131 48 49 19 46 47 52 53 263 272 280 283 285 16 155 3 195 201 228 227 225 221 2 209 20 215 218 25 
132.39 0.019999999999999997 8 121 128 131 48 49 19 46 47 52 53 263 272 280 283 285 16 155 3 161 211 210 325 324 20 215 218 25 
134.79 0.030000000000000006 8 121 128 131 48 49 19 46 47 52 53 263 272 280 283 285 16 155 3 161 211 210 325 324 20 209 2 204 205 13 206 25 
138.79 0.02 8 121 128 131 48 49 19 46 47 52 53 263 272 280 283 285 16 155 3 161 211 210 223 221 2 204 205 13 206 25 

9 1 0.85
142.32 0.75 9 95 99 8 121 128 131 48 49 19 46 47 52 53 263 272 280 283 285 16 277 196 197 198 302 311 298 4 303 309 170 1 
144.19 0.09999999999999998 9 97 98 120 116 117 8 121 128 131 48 49 19 46 47 52 53 263 272 280 283 285 16 277 196 197 198 302 311 298 4 303 309 170 1 

9 2 5.02
124.19000000000001 0.75 9 95 99 8 121 128 131 48 49 19 46 47 52 53 263 272 280 283 285 16 155 3 195 201 228 227 225 221 2 
129.51999999999998 3.03 9 95 99 8 121 128 131 48 49 19 46 47 52 53 263 272 280 283 285 16 155 3 161 211 210 325 324 20 209 2 
133.51999999999998 0.6600000000000006 9 95 99 8 121 128 131 48 49 19 46 47 52 53 263 272 280 283 285 16 155 3 161 211 210 223 221 2 
135.39 0.5699999999999994 9 97 98 120 116 117 8 121 128 131 48 49 19 46 47 52 53 263 272 280 283 285 16 155 3 161 211 210 223 221 2 

9 3 5.13
89.62 4.54 9 95 99 8 121 128 131 48 49 19 46 47 52 53 263 272 280 283 285 16 155 3 
91.49000000000001 0.5899999999999999 9 97 98 120 116 117 8 121 128 131 48 49 19 46 47 52 53 263 272 280 283 285 16 155 3 

9 4 7.08
119.32000000000001 6.27 9 95 99 8 121 128 131 48 49 19 46 47 52 53 263 272 280 283 285 16 277 196 197 198 302 311 298 4 
121.19000000000001 0.81 9 97 98 120 116 117 8 121 128 131 48 49 19 46 47 52 53 263 272 280 283 285 16 277 196 197 198 302 311 298 4 

9 5 5.71
70.5 5.05 9 95 99 8 121 128 131 48 49 19 46 47 52 53 263 272 5 
72.37 0.66 9 97 98 120 116 117 8 121 128 131 48 49 19 46 47 52 53 263 272 5 

9 6 2.9
93.94 2.57 9 95 99 8 121 128 131 48 49 19 46 47 141 150 147 160 149 17 151 144 70 6 
95.81 0.33 9 97 98 120 116 117 8 121 128 131 48 49 19 46 47 141 150 147 160 149 17 151 144 70 6 

9 7 63.91
95.17 56.56 9 95 99 8 121 128 131 48 49 19 334 338 339 342 331 341 332 335 93 89 7 
97.04 7.349999999999994 9 97 98 120 116 117 8 121 128 131 48 49 19 334 338 339 342 331 341 332 335 93 89 7 

9 8 20.27
10.8 17.94 9 95 99 8 
12.67 2.33 9 97 98 120 116 117 8 

9 10 54.59
46.49 48.32 9 95 99 8 121 128 131 127 293 241 245 238 10 
48.36 6.27 9 97 98 120 116 117 8 121 128 131 127 293 241 245 238 10 

9 11 40.76
59.129999999999995 36.07 9 95 99 8 117 118 108 32 33 27 11 
61.0 4.689999999999998 9 97 98 120 116 117 118 108 32 33 27 11 

9 12 205.15
51.150000000000006 181.57 9 95 99 247 248 65 12 
53.02 23.58 9 97 98 120 116 117 8 99 247 248 65 12 

9 13 2.58
137.86 0.38 9 95 99 8 121 128 131 48 49 19 46 47 52 53 263 272 280 283 285 16 155 3 195 201 228 227 225 221 2 209 20 215 218 25 206 13 
143.18999999999997 0.43000000000000005 9 95 99 8 121 128 131 48 49 19 46 47 52 53 263 272 280 283 285 16 155 3 161 211 210 325 324 20 215 218 25 206 13 
145.58999999999997 1.13 9 95 99 8 121 128 131 48 49 19 46 47 52 53 263 272 280 283 285 16 155 3 161 211 210 325 324 20 209 2 204 205 13 
149.58999999999997 0.33999999999999986 9 95 99 8 121 128 131 48 49 19 46 47 52 53 263 272 280 283 285 16 155 3 161 211 210 223 221 2 204 205 13 
151.45999999999998 0.3 9 97 98 120 116 117 8 121 128 131 48 49 19 46 47 52 53 263 272 280 283 285 16 155 3 161 211 210 223 221 2 204 205 13 

9 14 6.21
114.85 5.5 9 95 99 8 121 128 131 48 49 19 46 47 141 150 147 160 149 17 142 143 258 354 353 358 260 14 
116.72 0.71 9 97 98 120 116 117 8 121 128 131 48 49 19 46 47 141 150 147 160 149 17 142 143 258 354 353 358 260 14 

9 15 6.06
87.86 5.36 9 95 99 8 121 128 131 48 49 19 46 47 52 53 263 272 280 281 279 318 15 
89.73 0.6999999999999993 9 97 98 120 116 117 8 121 128 131 48 49 19 46 47 52 53 263 272 280 281 279 318 15 

9 16 4.74
89.62 4.2 9 95 99 8 121 128 131 48 49 19 46 47 52 53 263 272 280 283 285 16 
91.49000000000001 0.54 9 97 98 120 116 117 8 121 128 131 48 49 19 46 47 52 53 263 272 280 283 285 16 

9 17 7.62
78.84 6.74 9 95 99 8 121 128 131 48 49 19 46 47 141 150 147 160 149 17 
80.71000000000001 0.8799999999999999 9 97 98 120 116 117 8 121 128 131 48 49 19 46 47 141 150 147 160 149 17 

9 18 1.3
85.17 1.15 9 95 99 8 121 128 131 48 49 19 46 47 141 150 147 160 149 17 142 145 18 
87.04 0.15 9 97 98 120 116 117 8 121 128 131 48 49 19 46 47 141 150 147 160 149 17 142 145 18 

9 19 2.55
45.5 2.26 9 95 99 8 121 128 131 48 49 19 
47.370000000000005 0.29 9 97 98 120 116 117 8 121 128 131 48 49 19 

9 20 5.56
124.19000000000001 0.83 9 95 99 8 121 128 131 48 49 19 46 47 52 53 263 272 280 283 285 16 155 3 195 201 228 227 225 221 2 209 20 
129.51999999999998 3.36 9 95 99 8 121 128 131 48 49 19 46 47 52 53 263 272 280 283 285 16 155 3 161 211 210 325 324 20 
133.51999999999998 0.73 9 95 99 8 121 128 131 48 49 19 46 47 52 53 263 272 280 283 285 16 155 3 161 211 210 223 221 2 209 20 
135.39 0.6399999999999997 9 97 98 120 116 117 8 121 128 131 48 49 19 46 47 52 53 263 272 280 283 285 16 155 3 161 211 210 223 221 2 209 20 

9 21 3.79
137.86 0.56 9 95 99 8 121 128 131 48 49 19 46 47 52 53 263 272 280 283 285 16 155 3 195 201 228 227 225 221 2 209 20 215 218 25 206 13 205 21 
143.18999999999997 0.6299999999999999 9 95 99 8 121 128 131 48 49 19 46 47 52 53 263 272 280 283 285 16 155 3 161 211 210 325 324 20 215 218 25 206 13 205 21 
145.58999999999997 1.6600000000000001 9 95 99 8 121 128 131 48 49 19 46 47 52 53 263 272 280 283 285 16 155 3 161 211 210 325 324 20 209 2 204 205 21 
149.58999999999997 0.5 9 95 99 8 121 128 131 48 49 19 46 47 52 53 263 272 280 283 285 16 155 3 161 211 210 223 221 2 204 205 21 
151.45999999999998 0.43000000000000005 9 97 98 120 116 117 8 121 128 131 48 49 19 46 47 52 53 263 272 280 283 285 16 155 3 161 211 210 223 221 2 204 205 21 

9 22 5.11
92.44 4.52 9 95 99 8 121 128 131 48 49 19 46 47 141 150 147 160 149 17 142 143 258 354 353 23 352 22 
94.31 0.59 9 97 98 120 116 117 8 121 128 131 48 49 19 46 47 141 150 147 160 149 17 142 143 258 354 353 23 352 22 

9 23 2.86
92.44 2.53 9 95 99 8 121 128 131 48 49 19 46 47 141 150 147 160 149 17 142 143 258 354 353 23 
94.31 0.33 9 97 98 120 116 117 8 121 128 131 48 49 19 46 47 141 150 147 160 149 17 142 143 258 354 353 23 

9 24 7.59
46.49 6.72 9 95 99 8 121 128 131 127 293 241 245 238 24 
48.36 0.87 9 97 98 120 116 117 8 121 128 131 127 293 241 245 238 24 

9 25 0.43
137.86 0.06 9 95 99 8 121 128 131 48 49 19 46 47 52 53 263 272 280 283 285 16 155 3 195 201 228 227 225 221 2 209 20 215 218 25 
143.18999999999997 0.07 9 95 99 8 121 128 131 48 49 19 46 47 52 53 263 272 280 283 285 16 155 3 161 211 210 325 324 20 215 218 25 
145.58999999999997 0.19 9 95 99 8 121 128 131 48 49 19 46 47 52 53 263 272 280 283 285 16 155 3 161 211 210 325 324 20 209 2 204 205 13 206 25 
149.58999999999997 0.06 9 95 99 8 121 128 131 48 49 19 46 47 52 53 263 272 280 283 285 16 155 3 161 211 210 223 221 2 204 205 13 206 25 
151.45999999999998 0.03999999999999998 9 97 98 120 116 117 8 121 128 131 48 49 19 46 47 52 53 263 272 280 283 285 16 155 3 161 211 210 223 221 2 204 205 13 206 25 

9 26 1.21
161.19 1.07 9 95 99 8 121 128 131 48 49 19 334 338 339 342 331 341 332 335 93 89 7 86 36 31 34 361 43 44 45 67 58 26 
163.06 0.1399999999999999 9 97 98 120 116 117 8 121 128 131 48 49 19 334 338 339 342 331 341 332 335 93 89 7 86 36 31 34 361 43 44 45 67 58 26 

10 2 4.27
135.70000000000002 0.63 10 242 246 244 291 294 129 128 131 48 49 19 46 47 52 53 263 272 280 283 285 16 155 3 195 201 228 227 225 221 2 
141.03 2.58 10 242 246 244 291 294 129 128 131 48 49 19 46 47 52 53 263 272 280 283 285 16 155 3 161 211 210 325 324 20 209 2 
145.03 1.05 10 242 246 244 291 294 129 128 131 48 49 19 46 47 52 53 263 272 280 283 285 16 155 3 161 211 210 223 221 2 

10 13 2.42
149.37 0.36 10 242 246 244 291 294 129 128 131 48 49 19 46 47 52 53 263 272 280 283 285 16 155 3 195 201 228 227 225 221 2 209 20 215 218 25 206 13 
154.7 0.4 10 242 246 244 291 294 129 128 131 48 49 19 46 47 52 53 263 272 280 283 285 16 155 3 161 211 210 325 324 20 215 218 25 206 13 
157.1 1.06 10 242 246 244 291 294 129 128 131 48 49 19 46 47 52 53 263 272 280 283 285 16 155 3 161 211 210 325 324 20 209 2 204 205 13 
161.1 0.5999999999999999 10 242 246 244 291 294 129 128 131 48 49 19 46 47 52 53 263 272 280 283 285 16 155 3 161 211 210 223 221 2 204 205 13 

10 20 3.4
135.70000000000002 0.51 10 242 246 244 291 294 129 128 131 48 49 19 46 47 52 53 263 272 280 283 285 16 155 3 195 201 228 227 225 221 2 209 20 
141.03 2.05 10 242 246 244 291 294 129 128 131 48 49 19 46 47 52 53 263 272 280 283 285 16 155 3 161 211 210 325 324 20 
145.03 0.8300000000000001 10 242 246 244 291 294 129 128 131 48 49 19 46 47 52 53 263 272 280 283 285 16 155 3 161 211 210 223 221 2 209 20 

10 21 3.33
149.37 0.49 10 242 246 244 291 294 129 128 131 48 49 19 46 47 52 53 263 272 280 283 285 16 155 3 195 201 228 227 225 221 2 209 20 215 218 25 206 13 205 21 
154.7 0.55 10 242 246 244 291 294 129 128 131 48 49 19 46 47 52 53 263 272 280 283 285 16 155 3 161 211 210 325 324 20 215 218 25 206 13 205 21 
157.1 1.4599999999999997 10 242 246 244 291 294 129 128 131 48 49 19 46 47 52 53 263 272 280 283 285 16 155 3 161 211 210 325 324 20 209 2 204 205 21 
161.1 0.82 10 242 246 244 291 294 129 128 131 48 49 19 46 47 52 53 263 272 280 283 285 16 155 3 161 211 210 223 221 2 204 205 21 

10 25 0.2
149.37 0.03 10 242 246 244 291 294 129 128 131 48 49 19 46 47 52 53 263 272 280 283 285 16 155 3 195 201 228 227 225 221 2 209 20 215 218 25 
154.7 0.03 10 242 246 244 291 294 129 128 131 48 49 19 46 47 52 53 263 272 280 283 285 16 155 3 161 211 210 325 324 20 215 218 25 
157.1 0.09 10 242 246 244 291 294 129 128 131 48 49 19 46 47 52 53 263 272 280 283 285 16 155 3 161 211 210 325 324 20 209 2 204 205 13 206 25 
161.1 0.05 10 242 246 244 291 294 129 128 131 48 49 19 46 47 52 53 263 272 280 283 285 16 155 3 161 211 210 223 221 2 204 205 13 206 25 

11 2 1.42
139.39000000000001 0.21 11 27 28 109 134 8 121 128 131 48 49 19 46 47 52 53 263 272 280 283 285 16 155 3 195 201 228 227 225 221 2 
144.72 0.86 11 27 28 109 134 8 121 128 131 48 49 19 46 47 52 53 263 272 280 283 285 16 155 3 161 211 210 325 324 20 209 2 
148.72 0.35 11 27 28 109 134 8 121 128 131 48 49 19 46 47 52 53 263 272 280 283 285 16 155 3 161 211 210 223 221 2 

11 13 0.86
153.06 0.13 11 27 28 109 134 8 121 128 131 48 49 19 46 47 52 53 263 272 280 283 285 16 155 3 195 201 228 227 225 221 2 209 20 215 218 25 206 13 
158.39 0.14 11 27 28 109 134 8 121 128 131 48 49 19 46 47 52 53 263 272 280 283 285 16 155 3 161 211 210 325 324 20 215 218 25 206 13 
160.79 0.38 11 27 28 109 134 8 121 128 131 48 49 19 46 47 52 53 263 272 280 283 285 16 155 3 161 211 210 325 324 20 209 2 204 205 13 
164.79 0.20999999999999996 11 27 28 109 134 8 121 128 131 48 49 19 46 47 52 53 263 272 280 283 285 16 155 3 161 211 210 223 221 2 204 205 13 

11 20 0.98
139.39000000000001 0.15 11 27 28 109 134 8 121 128 131 48 49 19 46 47 52 53 263 272 280 283 285 16 155 3 195 201 228 227 225 221 2 209 20 
144.72 0.59 11 27 28 109 134 8 121 128 131 48 49 19 46 47 52 53 263 272 280 283 285 16 155 3 161 211 210 325 324 20 
148.72 0.24 11 27 28 109 134 8 121 128 131 48 49 19 46 47 52 53 263 272 280 283 285 16 155 3 161 211 210 223 221 2 209 20 

11 21 1.33
153.06 0.2 11 27 28 109 134 8 121 128 131 48 49 19 46 47 52 53 263 272 280 283 285 16 155 3 195 201 228 227 225 221 2 209 20 215 218 25 206 13 205 21 
158.39 0.21999999999999997 11 27 28 109 134 8 121 128 131 48 49 19 46 47 52 53 263 272 280 283 285 16 155 3 161 211 210 325 324 20 215 218 25 206 13 205 21 
160.79 0.5800000000000001 11 27 28 109 134 8 121 128 131 48 49 19 46 47 52 53 263 272 280 283 285 16 155 3 161 211 210 325 324 20 209 2 204 205 21 
164.79 0.32999999999999985 11 27 28 109 134 8 121 128 131 48 49 19 46 47 52 53 263 272 280 283 285 16 155 3 161 211 210 223 221 2 204 205 21 

11 25 0.05
153.06 0.01 11 27 28 109 134 8 121 128 131 48 49 19 46 47 52 53 263 272 280 283 285 16 155 3 195 201 228 227 225 221 2 209 20 215 218 25 
158.39 0.01 11 27 28 109 134 8 121 128 131 48 49 19 46 47 52 53 263 272 280 283 285 16 155 3 161 211 210 325 324 20 215 218 25 
160.79 0.019999999999999997 11 27 28 109 134 8 121 128 131 48 49 19 46 47 52 53 263 272 280 283 285 16 155 3 161 211 210 325 324 20 209 2 204 205 13 206 25 
164.79 0.01 11 27 28 109 134 8 121 128 131 48 49 19 46 47 52 53 263 272 280 283 285 16 155 3 161 211 210 223 221 2 204 205 13 206 25 

12 2 7.45
147.12000000000003 1.11 12 65 248 250 99 8 121 128 131 48 49 19 46 47 52 53 263 272 280 283 285 16 155 3 195 201 228 227 225 221 2 
152.45000000000002 4.5 12 65 248 250 99 8 121 128 131 48 49 19 46 47 52 53 263 272 280 283 285 16 155 3 161 211 210 325 324 20 209 2 
156.45000000000002 1.8299999999999998 12 65 248 250 99 8 121 128 131 48 49 19 46 47 52 53 263 272 280 283 285 16 155 3 161 211 210 223 221 2 
159.39000000000001 0.009999999999999787 12 65 248 250 99 8 121 128 131 48 49 19 46 47 52 53 263 272 280 283 285 16 155 3 161 211 210 325 204 2 

12 4 12.0
142.25000000000003 0.02 12 65 248 250 99 8 121 128 131 48 49 19 46 47 52 53 263 272 280 283 285 16 277 196 197 198 302 311 298 4 
147.79999999999998 11.98 12 38 29 30 33 27 11 191 79 80 75 76 341 332 335 93 89 7 86 36 31 34 361 167 166 23 352 22 355 310 198 302 311 298 4 

12 8 45.12
33.73 45.11 12 65 248 250 99 8 
43.67 0.01 12 38 29 30 33 27 28 109 134 8 

12 9 217.46
38.12 217.42 12 65 248 250 99 97 9 
48.06 0.04 12 38 29 30 33 27 28 109 134 8 99 97 9 

12 10 127.52
69.42 127.5 12 65 248 250 99 8 121 128 131 127 293 241 245 238 10 
79.36 0.01999999999999602 12 38 29 30 33 27 28 109 134 8 121 128 131 127 293 241 245 238 10 

12 13 4.32
160.79000000000002 0.64 12 65 248 250 99 8 121 128 131 48 49 19 46 47 52 53 263 272 280 283 285 16 155 3 195 201 228 227 225 221 2 209 20 215 218 25 206 13 
166.12 0.7200000000000001 12 65 248 250 99 8 121 128 131 48 49 19 46 47 52 53 263 272 280 283 285 16 155 3 161 211 210 325 324 20 215 218 25 206 13 
168.52 1.8899999999999997 12 65 248 250 99 8 121 128 131 48 49 19 46 47 52 53 263 272 280 283 285 16 155 3 161 211 210 325 324 20 209 2 204 205 13 
172.52 1.0699999999999998 12 65 248 250 99 8 121 128 131 48 49 19 46 47 52 53 263 272 280 283 285 16 155 3 161 211 210 223 221 2 204 205 13 

12 17 18.0
101.77000000000001 0.02 12 65 248 250 99 8 121 128 131 48 49 19 46 47 141 150 147 160 149 17 
107.91999999999999 17.98 12 38 29 30 33 27 11 191 79 80 75 76 341 332 335 93 89 7 86 36 35 163 162 156 18 146 143 139 144 151 17 

12 20 6.56
147.12000000000003 0.97 12 65 248 250 99 8 121 128 131 48 49 19 46 47 52 53 263 272 280 283 285 16 155 3 195 201 228 227 225 221 2 209 20 
152.45000000000002 3.96 12 65 248 250 99 8 121 128 131 48 49 19 46 47 52 53 263 272 280 283 285 16 155 3 161 211 210 325 324 20 
156.45000000000002 1.6199999999999999 12 65 248 250 99 8 121 128 131 48 49 19 46 47 52 53 263 272 280 283 285 16 155 3 161 211 210 223 221 2 209 20 
159.39000000000001 0.01 12 65 248 250 99 8 121 128 131 48 49 19 46 47 52 53 263 272 280 283 285 16 155 3 161 211 210 325 204 2 209 20 

12 21 6.76
160.79000000000002 1.0 12 65 248 250 99 8 121 128 131 48 49 19 46 47 52 53 263 272 280 283 285 16 155 3 195 201 228 227 225 221 2 209 20 215 218 25 206 13 205 21 
166.12 1.12 12 65 248 250 99 8 121 128 131 48 49 19 46 47 52 53 263 272 280 283 285 16 155 3 161 211 210 325 324 20 215 218 25 206 13 205 21 
168.52 2.96 12 65 248 250 99 8 121 128 131 48 49 19 46 47 52 53 263 272 280 283 285 16 155 3 161 211 210 325 324 20 209 2 204 205 21 
172.52 1.67 12 65 248 250 99 8 121 128 131 48 49 19 46 47 52 53 263 272 280 283 285 16 155 3 161 211 210 223 221 2 204 205 21 
175.46 0.009999999999999787 12 65 248 250 99 8 121 128 131 48 49 19 46 47 52 53 263 272 280 283 285 16 155 3 161 211 210 325 204 205 21 

12 25 0.41
160.79000000000002 0.06 12 65 248 250 99 8 121 128 131 48 49 19 46 47 52 53 263 272 280 283 285 16 155 3 195 201 228 227 225 221 2 209 20 215 218 25 
166.12 0.07 12 65 248 250 99 8 121 128 131 48 49 19 46 47 52 53 263 272 280 283 285 16 155 3 161 211 210 325 324 20 215 218 25 
168.52 0.18 12 65 248 250 99 8 121 128 131 48 49 19 46 47 52 53 263 272 280 283 285 16 155 3 161 211 210 325 324 20 209 2 204 205 13 206 25 
172.52 0.09999999999999998 12 65 248 250 99 8 121 128 131 48 49 19 46 47 52 53 263 272 280 283 285 16 155 3 161 211 210 223 221 2 204 205 13 206 25 

13 2 20.79
11.76 7.72 13 206 25 214 215 20 209 2 
14.7 13.07 13 205 204 2 

13 3 23.93
28.439999999999998 8.89 13 206 25 214 215 20 209 2 221 222 223 224 195 3 
31.380000000000003 6.27 13 205 204 2 221 222 223 224 195 3 
35.91 1.66 13 205 204 223 224 195 3 
45.52 7.109999999999999 13 205 204 2 219 325 208 203 322 346 3 

13 5 20.23
55.67 7.51 13 206 25 214 215 20 209 2 219 325 208 207 323 15 318 279 278 271 270 5 
58.61 12.72 13 205 204 2 219 325 208 207 323 15 318 279 278 271 270 5 

13 6 20.32
56.55 7.55 13 206 25 214 215 20 209 2 221 222 223 224 195 3 155 16 277 196 71 6 
59.489999999999995 5.319999999999999 13 205 204 2 221 222 223 224 195 3 155 16 277 196 71 6 
64.02 1.41 13 205 204 223 224 195 3 155 16 277 196 71 6 
73.63 6.03 13 205 204 2 219 325 208 203 322 346 3 155 16 277 196 71 6 

13 7 1.61
91.60000000000001 0.6 13 206 25 214 215 20 209 2 221 222 223 224 195 3 155 16 277 196 71 6 68 151 17 142 145 153 154 39 36 86 7 
94.53999999999999 0.42000000000000004 13 205 204 2 221 222 223 224 195 3 155 16 277 196 71 6 68 151 17 142 145 153 154 39 36 86 7 
99.07 0.10999999999999988 13 205 204 223 224 195 3 155 16 277 196 71 6 68 151 17 142 145 153 154 39 36 86 7 
108.67999999999999 0.48 13 205 204 2 219 325 208 203 322 346 3 155 16 277 196 71 6 68 151 17 142 145 153 154 39 36 86 7 

13 8 0.99
116.01 0.37 13 206 25 214 215 20 209 2 219 325 208 207 323 15 318 279 278 271 270 5 273 262 54 57 50 51 138 127 129 122 360 119 116 117 8 
118.95 0.62 13 205 204 2 219 325 208 207 323 15 318 279 278 271 270 5 273 262 54 57 50 51 138 127 129 122 360 119 116 117 8 

13 9 1.81
120.35000000000001 0.67 13 206 25 214 215 20 209 2 219 325 208 207 323 15 318 279 278 271 270 5 273 262 54 57 50 51 138 127 129 122 360 132 133 106 107 84 9 
123.29 1.14 13 205 204 2 219 325 208 207 323 15 318 279 278 271 270 5 273 262 54 57 50 51 138 127 129 122 360 132 133 106 107 84 9 

13 10 2.05
117.68 0.76 13 206 25 214 215 20 209 2 219 325 208 207 323 15 318 279 278 271 270 5 273 262 54 57 50 51 138 127 293 241 245 238 10 
120.62 1.2899999999999998 13 205 204 2 219 325 208 207 323 15 318 279 278 271 270 5 273 262 54 57 50 51 138 127 293 241 245 238 10 

13 11 0.51
158.36000000000004 0.19 13 206 25 214 215 20 209 2 219 325 208 207 323 15 318 279 278 271 270 5 273 262 54 57 50 51 48 49 19 334 338 339 342 331 76 75 115 110 187 191 11 
161.30000000000004 0.32 13 205 204 2 219 325 208 207 323 15 318 279 278 271 270 5 273 262 54 57 50 51 48 49 19 334 338 339 342 331 76 75 115 110 187 191 11 

13 12 3.83
156.36 1.42 13 206 25 214 215 20 209 2 219 325 208 207 323 15 318 279 278 271 270 5 273 262 54 57 50 51 138 127 129 122 360 119 116 117 8 99 247 248 65 12 
159.3 2.41 13 205 204 2 219 325 208 207 323 15 318 279 278 271 270 5 273 262 54 57 50 51 138 127 129 122 360 119 116 117 8 99 247 248 65 12 

13 15 25.96
41.25 9.64 13 206 25 214 215 20 209 2 219 325 208 207 323 15 
44.19 16.32 13 205 204 2 219 325 208 207 323 15 

13 16 16.95
28.439999999999998 6.29 13 206 25 214 215 20 209 2 221 222 223 224 195 3 155 16 
31.380000000000003 4.45 13 205 204 2 221 222 223 224 195 3 155 16 
35.91 1.1799999999999997 13 205 204 223 224 195 3 155 16 
45.52 5.03 13 205 204 2 219 325 208 203 322 346 3 155 16 

13 17 16.93
61.93 6.29 13 206 25 214 215 20 209 2 221 222 223 224 195 3 155 16 277 196 71 6 68 151 17 
64.86999999999999 4.44 13 205 204 2 221 222 223 224 195 3 155 16 277 196 71 6 68 151 17 
69.39999999999999 1.17 13 205 204 223 224 195 3 155 16 277 196 71 6 68 151 17 
79.00999999999999 5.03 13 205 204 2 219 325 208 203 322 346 3 155 16 277 196 71 6 68 151 17 

13 18 7.38
68.26 2.74 13 206 25 214 215 20 209 2 221 222 223 224 195 3 155 16 277 196 71 6 68 151 17 142 145 18 
71.19999999999999 1.9399999999999995 13 205 204 2 221 222 223 224 195 3 155 16 277 196 71 6 68 151 17 142 145 18 
75.72999999999999 0.51 13 205 204 223 224 195 3 155 16 277 196 71 6 68 151 17 142 145 18 
85.33999999999999 2.19 13 205 204 2 219 325 208 203 322 346 3 155 16 277 196 71 6 68 151 17 142 145 18 

13 19 0.73
84.01 0.27 13 206 25 214 215 20 209 2 219 325 208 207 323 15 318 279 278 271 270 5 273 262 54 57 50 51 48 49 19 
86.95 0.45999999999999996 13 205 204 2 219 325 208 207 323 15 318 279 278 271 270 5 273 262 54 57 50 51 48 49 19 

13 20 41.24
11.76 15.31 13 206 25 214 215 20 
14.7 25.93 13 205 204 2 209 20 

13 22 22.7
56.06 8.17 13 206 25 214 215 20 209 2 221 222 223 224 195 3 155 16 277 196 197 356 22 
59.0 5.92 13 205 204 2 221 222 223 224 195 3 155 16 277 196 197 356 22 
63.53 1.4399999999999995 13 205 204 223 224 195 3 155 16 277 196 197 356 22 
66.2 1.99 13 205 21 314 348 1 329 312 4 298 307 308 304 199 194 197 356 22 
73.14 5.18 13 205 204 2 219 325 208 203 322 346 3 155 16 277 196 197 356 22 

13 23 14.43
56.06 5.19 13 206 25 214 215 20 209 2 221 222 223 224 195 3 155 16 277 196 197 356 22 352 23 
59.0 3.7700000000000005 13 205 204 2 221 222 223 224 195 3 155 16 277 196 197 356 22 352 23 
63.53 0.9099999999999984 13 205 204 223 224 195 3 155 16 277 196 197 356 22 352 23 
66.2 1.26 13 205 21 314 348 1 329 312 4 298 307 308 304 199 194 197 356 22 352 23 
73.14 3.29 13 205 204 2 219 325 208 203 322 346 3 155 16 277 196 197 356 22 352 23 

13 24 0.1
117.68 0.04 13 206 25 214 215 20 209 2 219 325 208 207 323 15 318 279 278 271 270 5 273 262 54 57 50 51 138 127 293 241 245 238 24 
120.62 0.06 13 205 204 2 219 325 208 207 323 15 318 279 278 271 270 5 273 262 54 57 50 51 138 127 293 241 245 238 24 

14 2 53.56
77.26 0.01 14 259 268 352 22 355 310 198 199 228 227 225 221 2 
79.59999999999998 15.15 14 256 261 306 305 301 300 298 307 308 304 199 228 227 225 221 2 
85.45 15.65 14 255 267 251 165 252 266 350 349 21 205 13 206 25 214 215 20 209 2 
88.39 22.74 14 255 267 251 165 252 266 350 349 21 205 204 2 

14 3 59.98
51.35 0.01 14 259 268 352 22 355 310 198 199 194 200 282 16 155 3 
53.68999999999999 59.97 14 256 261 306 305 301 300 298 307 308 304 199 194 200 282 16 155 3 

14 5 39.57
76.82000000000001 0.01 14 259 268 352 22 355 310 198 199 194 200 282 289 284 281 278 271 270 5 
79.16 39.56 14 256 261 306 305 301 300 298 307 308 304 199 194 200 282 289 284 281 278 271 270 5 

14 15 47.57
75.46000000000001 0.01 14 259 268 352 22 355 310 198 199 194 200 282 289 284 281 279 318 15 
77.8 47.56 14 256 261 306 305 301 300 298 307 308 304 199 194 200 282 289 284 281 279 318 15 

14 20 91.03
77.26 0.01 14 259 268 352 22 355 310 198 199 228 227 225 221 2 209 20 
79.59999999999998 25.759999999999998 14 256 261 306 305 301 300 298 307 308 304 199 228 227 225 221 2 209 20 
85.45 26.6 14 255 267 251 165 252 266 350 349 21 205 13 206 25 214 215 20 
88.39 38.66 14 255 267 251 165 252 266 350 349 21 205 204 2 209 20 

15 2 45.39
48.44 30.41 15 320 202 203 210 325 324 20 209 2 
52.440000000000005 14.2 15 320 202 203 210 223 221 2 
55.38 0.78 15 320 202 203 210 325 204 2 

15 4 82.21
46.53 82.2 15 318 279 278 271 280 283 285 16 277 196 197 198 302 311 298 4 
54.22000000000001 0.009999999999990905 15 318 279 278 271 280 283 285 16 155 159 200 196 197 198 302 311 298 4 

15 6 34.42
44.94 34.41 15 318 279 278 271 280 283 285 16 277 196 71 6 
52.629999999999995 0.01 15 318 279 278 271 280 283 285 16 155 159 200 196 71 6 

15 13 21.77
62.11 6.83 15 320 202 203 210 325 324 20 215 218 25 206 13 
64.50999999999999 7.76 15 320 202 203 210 325 324 20 209 2 204 205 13 
68.51 6.81 15 320 202 203 210 223 221 2 204 205 13 
71.45 0.37 15 320 202 203 210 325 204 205 13 

15 14 41.67
66.85999999999999 0.01 15 318 279 278 271 280 283 285 16 277 196 197 356 22 352 23 353 358 260 14 
72.22 41.65 15 318 279 278 271 280 283 285 16 277 196 197 198 302 311 300 301 305 259 14 
79.91000000000003 0.00999999999999801 15 318 279 278 271 280 283 285 16 155 159 200 196 197 198 302 311 300 301 305 259 14 

15 17 38.87
50.32 38.86 15 318 279 278 271 280 283 285 16 277 196 71 6 68 151 17 
58.01 0.00999999999999801 15 318 279 278 271 280 283 285 16 155 159 200 196 71 6 68 151 17 

15 20 86.5
48.44 57.96 15 320 202 203 210 325 324 20 
52.440000000000005 27.06 15 320 202 203 210 223 221 2 209 20 
55.38 1.4799999999999969 15 320 202 203 210 325 204 2 209 20 

15 21 26.85
62.11 8.42 15 320 202 203 210 325 324 20 215 218 25 206 13 205 21 
64.50999999999999 9.569999999999999 15 320 202 203 210 325 324 20 209 2 204 205 21 
68.51 8.4 15 320 202 203 210 223 221 2 204 205 21 
71.45 0.46 15 320 202 203 210 325 204 205 21 

15 22 43.42
44.449999999999996 43.41 15 318 279 278 271 280 283 285 16 277 196 197 356 22 
71.61 0.01 15 318 279 278 271 280 283 285 16 155 159 200 196 71 6 68 151 17 142 143 258 354 353 23 352 22 

15 25 14.57
62.11 4.57 15 320 202 203 210 325 324 20 215 218 25 
64.50999999999999 5.1899999999999995 15 320 202 203 210 325 324 20 209 2 204 205 13 206 25 
68.51 4.56 15 320 202 203 210 223 221 2 204 205 13 206 25 
71.45 0.25 15 320 202 203 210 325 204 205 13 206 25 

16 2 36.37
34.57 5.4 16 155 3 195 201 228 227 225 221 2 
39.900000000000006 21.96 16 155 3 161 211 210 325 324 20 209 2 
43.9 8.97 16 155 3 161 211 210 223 221 2 
46.84 0.029999999999997584 16 155 3 161 211 210 325 204 2 

16 4 49.49
29.700000000000003 49.48 16 277 196 197 198 302 311 298 4 
37.39000000000001 0.01 16 155 159 200 196 197 198 302 311 298 4 

16 13 16.87
48.24 2.51 16 155 3 195 201 228 227 225 221 2 209 20 215 218 25 206 13 
53.57000000000001 2.7800000000000002 16 155 3 161 211 210 325 324 20 215 218 25 206 13 
55.970000000000006 7.409999999999999 16 155 3 161 211 210 325 324 20 209 2 204 205 13 
59.97 4.16 16 155 3 161 211 210 223 221 2 204 205 13 
62.910000000000004 0.009999999999998899 16 155 3 161 211 210 325 204 205 13 

16 14 35.28
55.39 35.27 16 277 196 197 198 302 311 300 301 305 259 14 
63.08 0.00999999999999801 16 155 159 200 196 197 198 302 311 300 301 305 259 14 

16 20 54.74
34.57 8.13 16 155 3 195 201 228 227 225 221 2 209 20 
39.900000000000006 33.06 16 155 3 161 211 210 325 324 20 
43.9 13.5 16 155 3 161 211 210 223 221 2 209 20 
46.84 0.03999999999999915 16 155 3 161 211 210 325 204 2 209 20 

16 21 19.7
48.24 2.93 16 155 3 195 201 228 227 225 221 2 209 20 215 218 25 206 13 205 21 
53.57000000000001 3.2499999999999996 16 155 3 161 211 210 325 324 20 215 218 25 206 13 205 21 
55.970000000000006 8.65 16 155 3 161 211 210 325 324 20 209 2 204 205 21 
59.97 4.859999999999999 16 155 3 161 211 210 223 221 2 204 205 21 
62.910000000000004 0.009999999999999787 16 155 3 161 211 210 325 204 205 21 

16 25 7.76
48.24 1.15 16 155 3 195 201 228 227 225 221 2 209 20 215 218 25 
53.57000000000001 1.2800000000000002 16 155 3 161 211 210 325 324 20 215 218 25 
55.970000000000006 3.41 16 155 3 161 211 210 325 324 20 209 2 204 205 13 206 25 
59.97 1.91 16 155 3 161 211 210 223 221 2 204 205 13 206 25 

17 2 43.24
73.78999999999999 0.01 17 142 143 258 354 353 23 352 22 355 310 198 199 228 227 225 221 2 
77.51999999999998 6.41 17 151 144 70 6 71 196 200 282 16 155 3 195 201 228 227 225 221 2 
82.85 26.11 17 151 144 70 6 71 196 200 282 16 155 3 161 211 210 325 324 20 209 2 
86.85 10.669999999999998 17 151 144 70 6 71 196 200 282 16 155 3 161 211 210 223 221 2 
89.78999999999999 0.039999999999995595 17 151 144 70 6 71 196 200 282 16 155 3 161 211 210 325 204 2 

17 4 80.31
47.78 0.01 17 142 143 258 354 353 23 352 22 355 310 198 302 311 298 4 
53.30000000000001 80.3 17 151 144 70 6 71 196 197 198 302 311 298 4 

17 13 16.94
91.18999999999998 2.51 17 151 144 70 6 71 196 200 282 16 155 3 195 201 228 227 225 221 2 209 20 215 218 25 206 13 
96.52 2.8 17 151 144 70 6 71 196 200 282 16 155 3 161 211 210 325 324 20 215 218 25 206 13 
98.91999999999999 7.430000000000001 17 151 144 70 6 71 196 200 282 16 155 3 161 211 210 325 324 20 209 2 204 205 13 
102.91999999999999 4.18 17 151 144 70 6 71 196 200 282 16 155 3 161 211 210 223 221 2 204 205 13 
105.85999999999999 0.009999999999999787 17 151 144 70 6 71 196 200 282 16 155 3 161 211 210 325 204 205 13 

17 20 73.22
73.78999999999999 0.01 17 142 143 258 354 353 23 352 22 355 310 198 199 228 227 225 221 2 209 20 
77.51999999999998 10.87 17 151 144 70 6 71 196 200 282 16 155 3 195 201 228 227 225 221 2 209 20 
82.85 44.22 17 151 144 70 6 71 196 200 282 16 155 3 161 211 210 325 324 20 
86.85 18.06 17 151 144 70 6 71 196 200 282 16 155 3 161 211 210 223 221 2 209 20 
89.78999999999999 0.05999999999999872 17 151 144 70 6 71 196 200 282 16 155 3 161 211 210 325 204 2 209 20 

17 21 23.52
91.18999999999998 3.49 17 151 144 70 6 71 196 200 282 16 155 3 195 201 228 227 225 221 2 209 20 215 218 25 206 13 205 21 
96.52 3.8899999999999997 17 151 144 70 6 71 196 200 282 16 155 3 161 211 210 325 324 20 215 218 25 206 13 205 21 
98.91999999999999 10.309999999999999 17 151 144 70 6 71 196 200 282 16 155 3 161 211 210 325 324 20 209 2 204 205 21 
102.91999999999999 5.8 17 151 144 70 6 71 196 200 282 16 155 3 161 211 210 223 221 2 204 205 21 
105.85999999999999 0.02 17 151 144 70 6 71 196 200 282 16 155 3 161 211 210 325 204 205 21 

17 25 11.36
91.18999999999998 1.69 17 151 144 70 6 71 196 200 282 16 155 3 195 201 228 227 225 221 2 209 20 215 218 25 
96.52 1.87 17 151 144 70 6 71 196 200 282 16 155 3 161 211 210 325 324 20 215 218 25 
98.91999999999999 4.99 17 151 144 70 6 71 196 200 282 16 155 3 161 211 210 325 324 20 209 2 204 205 13 206 25 
102.91999999999999 2.8 17 151 144 70 6 71 196 200 282 16 155 3 161 211 210 223 221 2 204 205 13 206 25 
105.85999999999999 0.009999999999999787 17 151 144 70 6 71 196 200 282 16 155 3 161 211 210 325 204 205 13 206 25 

18 2 13.84
88.18999999999998 2.05 18 146 143 139 144 70 6 71 196 200 282 16 155 3 195 201 228 227 225 221 2 
93.52 8.36 18 146 143 139 144 70 6 71 196 200 282 16 155 3 161 211 210 325 324 20 209 2 
97.52 3.41 18 146 143 139 144 70 6 71 196 200 282 16 155 3 161 211 210 223 221 2 
100.46 0.009999999999999787 18 146 143 139 144 70 6 71 196 200 282 16 155 3 161 211 210 325 204 2 

18 13 8.16
101.85999999999999 0.03 18 146 143 139 144 70 6 71 196 200 282 16 155 3 195 201 228 227 225 221 2 209 20 215 218 25 206 13 
107.19 0.01 18 146 143 139 144 70 6 71 196 200 282 16 155 3 161 211 210 325 324 20 215 218 25 206 13 
108.51999999999998 8.07 18 146 143 258 354 353 23 166 165 252 266 350 349 21 205 13 
111.19 0.04 18 146 143 139 144 70 6 71 196 200 282 16 155 3 161 211 210 223 221 2 209 20 215 218 25 206 13 

18 20 5.45
88.18999999999998 0.81 18 146 143 139 144 70 6 71 196 200 282 16 155 3 195 201 228 227 225 221 2 209 20 
93.52 3.29 18 146 143 139 144 70 6 71 196 200 282 16 155 3 161 211 210 325 324 20 
97.52 1.3399999999999999 18 146 143 139 144 70 6 71 196 200 282 16 155 3 161 211 210 223 221 2 209 20 

18 21 11.49
101.85999999999999 0.04 18 146 143 139 144 70 6 71 196 200 282 16 155 3 195 201 228 227 225 221 2 209 20 215 218 25 206 13 205 21 
107.19 0.02 18 146 143 139 144 70 6 71 196 200 282 16 155 3 161 211 210 325 324 20 215 218 25 206 13 205 21 
108.51999999999998 11.36 18 146 143 258 354 353 23 166 165 252 266 350 349 21 
111.19 0.05 18 146 143 139 144 70 6 71 196 200 282 16 155 3 161 211 210 223 221 2 209 20 215 218 25 206 13 205 21 
113.59 0.009999999999999981 18 146 143 139 144 70 6 71 196 200 282 16 155 3 161 211 210 223 221 2 204 205 21 

19 2 0.13
78.69 0.02 19 46 47 52 53 263 272 280 283 285 16 155 3 195 201 228 227 225 221 2 
84.02000000000001 0.08 19 46 47 52 53 263 272 280 283 285 16 155 3 161 211 210 325 324 20 209 2 
88.02000000000001 0.03 19 46 47 52 53 263 272 280 283 285 16 155 3 161 211 210 223 221 2 

19 13 0.73
92.36 0.11 19 46 47 52 53 263 272 280 283 285 16 155 3 195 201 228 227 225 221 2 209 20 215 218 25 206 13 
97.69000000000001 0.12000000000000001 19 46 47 52 53 263 272 280 283 285 16 155 3 161 211 210 325 324 20 215 218 25 206 13 
100.09 0.32 19 46 47 52 53 263 272 280 283 285 16 155 3 161 211 210 325 324 20 209 2 204 205 13 
104.09 0.18 19 46 47 52 53 263 272 280 283 285 16 155 3 161 211 210 223 221 2 204 205 13 

19 20 0.73
78.69 0.11 19 46 47 52 53 263 272 280 283 285 16 155 3 195 201 228 227 225 221 2 209 20 
84.02000000000001 0.44 19 46 47 52 53 263 272 280 283 285 16 155 3 161 211 210 325 324 20 
88.02000000000001 0.18 19 46 47 52 53 263 272 280 283 285 16 155 3 161 211 210 223 221 2 209 20 

19 21 1.01
92.36 0.15 19 46 47 52 53 263 272 280 283 285 16 155 3 195 201 228 227 225 221 2 209 20 215 218 25 206 13 205 21 
97.69000000000001 0.17 19 46 47 52 53 263 272 280 283 285 16 155 3 161 211 210 325 324 20 215 218 25 206 13 205 21 
100.09 0.43999999999999995 19 46 47 52 53 263 272 280 283 285 16 155 3 161 211 210 325 324 20 209 2 204 205 21 
104.09 0.25 19 46 47 52 53 263 272 280 283 285 16 155 3 161 211 210 223 221 2 204 205 21 

19 25 0.03
97.69000000000001 0.01 19 46 47 52 53 263 272 280 283 285 16 155 3 161 211 210 325 324 20 215 218 25 
100.09 0.01 19 46 47 52 53 263 272 280 283 285 16 155 3 161 211 210 325 324 20 209 2 204 205 13 206 25 
104.09 0.009999999999999997 19 46 47 52 53 263 272 280 283 285 16 155 3 161 211 210 223 221 2 204 205 13 206 25 

20 1 10.38
29.130000000000003 3.26 20 215 218 25 206 13 205 21 314 348 1 
31.53 7.12 20 209 2 204 205 21 314 348 1 

20 3 69.0
16.68 43.71 20 209 2 221 222 223 224 195 3 
21.21 4.79 20 209 2 204 223 224 195 3 
30.82 20.49 20 209 2 219 325 208 203 322 346 3 

20 4 124.17
46.38000000000001 0.03 20 209 2 221 222 223 224 195 3 155 16 277 196 197 198 302 311 298 4 
49.260000000000005 38.93 20 215 218 25 206 13 205 21 314 348 1 329 312 4 
51.66 85.21 20 209 2 204 205 21 314 348 1 329 312 4 

20 5 72.35
42.14999999999999 0.01 20 209 2 221 222 223 224 195 3 155 16 282 289 284 281 278 271 270 5 
43.91 72.33999999999999 20 209 2 219 325 208 207 323 15 318 279 278 271 270 5 

20 6 22.75
44.79 14.41 20 209 2 221 222 223 224 195 3 155 16 277 196 71 6 
49.31999999999999 1.58 20 209 2 204 223 224 195 3 155 16 277 196 71 6 
58.92999999999999 6.76 20 209 2 219 325 208 203 322 346 3 155 16 277 196 71 6 

20 7 1.01
79.84 0.64 20 209 2 221 222 223 224 195 3 155 16 277 196 71 6 68 151 17 142 145 153 154 39 36 86 7 
84.36999999999999 0.06999999999999995 20 209 2 204 223 224 195 3 155 16 277 196 71 6 68 151 17 142 145 153 154 39 36 86 7 
93.97999999999999 0.3 20 209 2 219 325 208 203 322 346 3 155 16 277 196 71 6 68 151 17 142 145 153 154 39 36 86 7 

20 13 41.01
13.67 12.87 20 215 218 25 206 13 
16.07 28.14 20 209 2 204 205 13 

20 14 90.55
66.71000000000001 0.01 20 209 2 221 222 223 224 195 3 155 16 277 196 197 356 22 352 23 353 358 260 14 
72.07000000000001 0.03 20 209 2 221 222 223 224 195 3 155 16 277 196 197 198 302 311 300 301 305 259 14 
76.74 28.39 20 215 218 25 206 13 205 21 314 348 1 329 312 4 298 307 311 300 301 305 259 14 
79.13999999999999 62.11 20 209 2 204 205 21 314 348 1 329 312 4 298 307 311 300 301 305 259 14 
86.21000000000001 0.00999999999999801 20 209 2 219 325 208 203 322 346 3 155 16 277 196 197 198 302 311 300 301 305 259 14 

20 16 54.55
16.68 34.56 20 209 2 221 222 223 224 195 3 155 16 
21.21 3.789999999999999 20 209 2 204 223 224 195 3 155 16 
30.82 16.199999999999996 20 209 2 219 325 208 203 322 346 3 155 16 

20 17 72.83
50.17 46.14 20 209 2 221 222 223 224 195 3 155 16 277 196 71 6 68 151 17 
54.699999999999996 5.06 20 209 2 204 223 224 195 3 155 16 277 196 71 6 68 151 17 
64.30999999999999 21.619999999999994 20 209 2 219 325 208 203 322 346 3 155 16 277 196 71 6 68 151 17 
72.0 0.01 20 209 2 219 325 208 203 322 346 3 155 159 200 196 71 6 68 151 17 

20 18 4.92
56.5 3.12 20 209 2 221 222 223 224 195 3 155 16 277 196 71 6 68 151 17 142 145 18 
61.029999999999994 0.33999999999999986 20 209 2 204 223 224 195 3 155 16 277 196 71 6 68 151 17 142 145 18 
70.63999999999999 1.46 20 209 2 219 325 208 203 322 346 3 155 16 277 196 71 6 68 151 17 142 145 18 

20 21 58.91
13.67 18.48 20 215 218 25 206 13 205 21 
16.07 40.42999999999999 20 209 2 204 205 21 

20 22 54.58
44.3 34.58 20 209 2 221 222 223 224 195 3 155 16 277 196 197 356 22 
48.83 3.789999999999999 20 209 2 204 223 224 195 3 155 16 277 196 197 356 22 
58.44 16.200000000000003 20 209 2 219 325 208 203 322 346 3 155 16 277 196 197 356 22 
85.6 0.00999999999999801 20 209 2 219 325 208 203 322 346 3 155 159 200 196 71 6 68 151 17 142 143 258 354 353 23 352 22 

20 23 38.3
44.3 24.26 20 209 2 221 222 223 224 195 3 155 16 277 196 197 356 22 352 23 
48.83 2.66 20 209 2 204 223 224 195 3 155 16 277 196 197 356 22 352 23 
58.44 11.369999999999997 20 209 2 219 325 208 203 322 346 3 155 16 277 196 197 356 22 352 23 
85.6 0.00999999999999801 20 209 2 219 325 208 203 322 346 3 155 159 200 196 71 6 68 151 17 142 143 258 354 353 23 

20 25 5.65
13.67 1.77 20 215 218 25 
16.07 3.88 20 209 2 204 205 13 206 25 

20 26 11.89
96.80000000000001 3.73 20 215 218 25 206 13 205 21 314 348 1 170 169 164 168 58 26 
99.2 8.16 20 209 2 204 205 21 314 348 1 170 169 164 168 58 26 

21 2 27.94
11.76 10.38 21 205 13 206 25 214 215 20 209 2 
14.7 17.56 21 205 204 2 

21 3 26.72
28.439999999999998 9.92 21 205 13 206 25 214 215 20 209 2 221 222 223 224 195 3 
31.380000000000003 7.01 21 205 204 2 221 222 223 224 195 3 
35.91 1.8500000000000014 21 205 204 223 224 195 3 
45.52 7.939999999999996 21 205 204 2 219 325 208 203 322 346 3 

21 5 26.73
55.67 9.93 21 205 13 206 25 214 215 20 209 2 219 325 208 207 323 15 318 279 278 271 270 5 
58.61 16.8 21 205 204 2 219 325 208 207 323 15 318 279 278 271 270 5 

21 6 26.4
56.55 9.8 21 205 13 206 25 214 215 20 209 2 221 222 223 224 195 3 155 16 277 196 71 6 
59.489999999999995 6.919999999999998 21 205 204 2 221 222 223 224 195 3 155 16 277 196 71 6 
64.02 1.83 21 205 204 223 224 195 3 155 16 277 196 71 6 
73.63 7.84 21 205 204 2 219 325 208 203 322 346 3 155 16 277 196 71 6 

21 7 2.35
91.60000000000001 0.87 21 205 13 206 25 214 215 20 209 2 221 222 223 224 195 3 155 16 277 196 71 6 68 151 17 142 145 153 154 39 36 86 7 
94.53999999999999 0.62 21 205 204 2 221 222 223 224 195 3 155 16 277 196 71 6 68 151 17 142 145 153 154 39 36 86 7 
99.07 0.15999999999999992 21 205 204 223 224 195 3 155 16 277 196 71 6 68 151 17 142 145 153 154 39 36 86 7 
108.67999999999999 0.7 21 205 204 2 219 325 208 203 322 346 3 155 16 277 196 71 6 68 151 17 142 145 153 154 39 36 86 7 

21 8 1.38
116.01 0.51 21 205 13 206 25 214 215 20 209 2 219 325 208 207 323 15 318 279 278 271 270 5 273 262 54 57 50 51 138 127 129 122 360 119 116 117 8 
118.95 0.8699999999999999 21 205 204 2 219 325 208 207 323 15 318 279 278 271 270 5 273 262 54 57 50 51 138 127 129 122 360 119 116 117 8 

21 9 2.74
120.35000000000001 1.02 21 205 13 206 25 214 215 20 209 2 219 325 208 207 323 15 318 279 278 271 270 5 273 262 54 57 50 51 138 127 129 122 360 132 133 106 107 84 9 
123.29 1.72 21 205 204 2 219 325 208 207 323 15 318 279 278 271 270 5 273 262 54 57 50 51 138 127 129 122 360 132 133 106 107 84 9 

21 10 2.77
117.68 1.03 21 205 13 206 25 214 215 20 209 2 219 325 208 207 323 15 318 279 278 271 270 5 273 262 54 57 50 51 138 127 293 241 245 238 10 
120.62 1.74 21 205 204 2 219 325 208 207 323 15 318 279 278 271 270 5 273 262 54 57 50 51 138 127 293 241 245 238 10 

21 11 0.81
158.36000000000004 0.3 21 205 13 206 25 214 215 20 209 2 219 325 208 207 323 15 318 279 278 271 270 5 273 262 54 57 50 51 48 49 19 334 338 339 342 331 76 75 115 110 187 191 11 
161.30000000000004 0.51 21 205 204 2 219 325 208 207 323 15 318 279 278 271 270 5 273 262 54 57 50 51 48 49 19 334 338 339 342 331 76 75 115 110 187 191 11 

21 12 5.9
156.36 2.19 21 205 13 206 25 214 215 20 209 2 219 325 208 207 323 15 318 279 278 271 270 5 273 262 54 57 50 51 138 127 129 122 360 119 116 117 8 99 247 248 65 12 
159.3 3.71 21 205 204 2 219 325 208 207 323 15 318 279 278 271 270 5 273 262 54 57 50 51 138 127 129 122 360 119 116 117 8 99 247 248 65 12 

21 15 31.1
41.25 11.55 21 205 13 206 25 214 215 20 209 2 219 325 208 207 323 15 
44.19 19.55 21 205 204 2 219 325 208 207 323 15 

21 16 19.81
28.439999999999998 7.36 21 205 13 206 25 214 215 20 209 2 221 222 223 224 195 3 155 16 
31.380000000000003 5.19 21 205 204 2 221 222 223 224 195 3 155 16 
35.91 1.379999999999999 21 205 204 223 224 195 3 155 16 
45.52 5.88 21 205 204 2 219 325 208 203 322 346 3 155 16 

21 17 23.53
61.93 8.74 21 205 13 206 25 214 215 20 209 2 221 222 223 224 195 3 155 16 277 196 71 6 68 151 17 
64.86999999999999 6.17 21 205 204 2 221 222 223 224 195 3 155 16 277 196 71 6 68 151 17 
69.39999999999999 1.629999999999999 21 205 204 223 224 195 3 155 16 277 196 71 6 68 151 17 
79.00999999999999 6.99 21 205 204 2 219 325 208 203 322 346 3 155 16 277 196 71 6 68 151 17 

21 18 10.39
68.26 3.86 21 205 13 206 25 214 215 20 209 2 221 222 223 224 195 3 155 16 277 196 71 6 68 151 17 142 145 18 
71.19999999999999 2.72 21 205 204 2 221 222 223 224 195 3 155 16 277 196 71 6 68 151 17 142 145 18 
75.72999999999999 0.7199999999999998 21 205 204 223 224 195 3 155 16 277 196 71 6 68 151 17 142 145 18 
85.33999999999999 3.08 21 205 204 2 219 325 208 203 322 346 3 155 16 277 196 71 6 68 151 17 142 145 18 

21 19 1.01
84.01 0.38 21 205 13 206 25 214 215 20 209 2 219 325 208 207 323 15 318 279 278 271 270 5 273 262 54 57 50 51 48 49 19 
86.95 0.63 21 205 204 2 219 325 208 207 323 15 318 279 278 271 270 5 273 262 54 57 50 51 48 49 19 

21 20 59.23
11.76 22.0 21 205 13 206 25 214 215 20 
14.7 37.23 21 205 204 2 209 20 

21 22 27.89
56.06 10.03 21 205 13 206 25 214 215 20 209 2 221 222 223 224 195 3 155 16 277 196 197 356 22 
59.0 7.279999999999999 21 205 204 2 221 222 223 224 195 3 155 16 277 196 197 356 22 
63.53 1.7699999999999996 21 205 204 223 224 195 3 155 16 277 196 197 356 22 
66.2 2.44 21 314 348 1 329 312 4 298 307 308 304 199 194 197 356 22 
73.14 6.36 21 205 204 2 219 325 208 203 322 346 3 155 16 277 196 197 356 22 

21 23 19.83
56.06 7.13 21 205 13 206 25 214 215 20 209 2 221 222 223 224 195 3 155 16 277 196 197 356 22 352 23 
59.0 5.180000000000001 21 205 204 2 221 222 223 224 195 3 155 16 277 196 197 356 22 352 23 
63.53 1.25 21 205 204 223 224 195 3 155 16 277 196 197 356 22 352 23 
66.2 1.74 21 314 348 1 329 312 4 298 307 308 304 199 194 197 356 22 352 23 
73.14 4.52 21 205 204 2 219 325 208 203 322 346 3 155 16 277 196 197 356 22 352 23 

21 24 0.13
117.68 0.05 21 205 13 206 25 214 215 20 209 2 219 325 208 207 323 15 318 279 278 271 270 5 273 262 54 57 50 51 138 127 293 241 245 238 24 
120.62 0.08 21 205 204 2 219 325 208 207 323 15 318 279 278 271 270 5 273 262 54 57 50 51 138 127 293 241 245 238 24 

22 2 51.59
60.19 51.57 22 355 310 198 199 228 227 225 221 2 
74.18 0.00999999999999801 22 355 310 198 199 194 200 282 16 155 3 161 211 210 325 324 20 209 2 
95.44 1.9897278269453977e-15 22 352 23 353 354 257 139 144 70 6 71 196 200 282 16 155 3 161 211 210 325 324 20 209 2 
99.44 0.00999999999999801 22 352 23 353 354 257 139 144 70 6 71 196 200 282 16 155 3 161 211 210 223 221 2 

22 3 45.06
34.28 45.05 22 355 310 198 199 194 200 282 16 155 3 
55.54 0.01 22 352 23 353 354 257 139 144 70 6 71 196 200 282 16 155 3 

22 4 52.2
34.18000000000001 52.18 22 355 310 198 302 311 298 4 
48.760000000000005 0.02 22 352 23 353 358 260 14 256 261 306 305 301 300 298 4 

22 5 41.17
59.75 6.21 22 355 310 198 199 194 200 282 289 284 281 278 271 270 5 
70.44999999999999 34.96 22 352 23 353 354 257 139 144 70 6 71 288 286 290 287 272 5 

22 13 22.57
73.86 0.01 22 355 310 198 199 228 227 225 221 2 209 20 215 218 25 206 13 
86.92 22.56 22 352 23 166 165 252 266 350 349 21 205 13 

22 15 48.57
58.39 48.56 22 355 310 198 199 194 200 282 289 284 281 279 318 15 
79.65 0.00999999999999801 22 352 23 353 354 257 139 144 70 6 71 196 200 282 289 284 281 279 318 15 

22 20 54.75
60.19 54.72 22 355 310 198 199 228 227 225 221 2 209 20 
74.18 0.02 22 355 310 198 199 194 200 282 16 155 3 161 211 210 325 324 20 
99.44 0.00999999999999801 22 352 23 353 354 257 139 144 70 6 71 196 200 282 16 155 3 161 211 210 223 221 2 209 20 

22 21 27.72
73.86 0.01 22 355 310 198 199 228 227 225 221 2 209 20 215 218 25 206 13 205 21 
86.92 27.71 22 352 23 166 165 252 266 350 349 21 

23 2 29.21
60.19 29.2 23 352 22 355 310 198 199 228 227 225 221 2 
74.18 0.01 23 352 22 355 310 198 199 194 200 282 16 155 3 161 211 210 325 324 20 209 2 

23 3 30.82
34.28 30.81 23 352 22 355 310 198 199 194 200 282 16 155 3 
55.54 0.01 23 353 354 257 139 144 70 6 71 196 200 282 16 155 3 

23 4 46.89
34.18000000000001 46.88 23 352 22 355 310 198 302 311 298 4 
48.760000000000005 0.00999999999999801 23 353 358 260 14 256 261 306 305 301 300 298 4 

23 5 24.4
59.75 3.68 23 352 22 355 310 198 199 194 200 282 289 284 281 278 271 270 5 
70.44999999999999 20.72 23 353 354 257 139 144 70 6 71 288 286 290 287 272 5 

23 20 37.35
60.19 37.33 23 352 22 355 310 198 199 228 227 225 221 2 209 20 
74.18 0.01 23 352 22 355 310 198 199 194 200 282 16 155 3 161 211 210 325 324 20 
99.44 0.01 23 353 354 257 139 144 70 6 71 196 200 282 16 155 3 161 211 210 223 221 2 209 20 

23 21 16.69
73.86 0.01 23 352 22 355 310 198 199 228 227 225 221 2 209 20 215 218 25 206 13 205 21 
86.92 16.68 23 166 165 252 266 350 349 21 

24 2 0.28
135.70000000000002 0.04 24 242 246 244 291 294 129 128 131 48 49 19 46 47 52 53 263 272 280 283 285 16 155 3 195 201 228 227 225 221 2 
141.03 0.17 24 242 246 244 291 294 129 128 131 48 49 19 46 47 52 53 263 272 280 283 285 16 155 3 161 211 210 325 324 20 209 2 
145.03 0.06999999999999998 24 242 246 244 291 294 129 128 131 48 49 19 46 47 52 53 263 272 280 283 285 16 155 3 161 211 210 223 221 2 

24 13 0.78
149.37 0.12 24 242 246 244 291 294 129 128 131 48 49 19 46 47 52 53 263 272 280 283 285 16 155 3 195 201 228 227 225 221 2 209 20 215 218 25 206 13 
154.7 0.12 24 242 246 244 291 294 129 128 131 48 49 19 46 47 52 53 263 272 280 283 285 16 155 3 161 211 210 325 324 20 215 218 25 206 13 
157.1 0.35 24 242 246 244 291 294 129 128 131 48 49 19 46 47 52 53 263 272 280 283 285 16 155 3 161 211 210 325 324 20 209 2 204 205 13 
161.1 0.18000000000000005 24 242 246 244 291 294 129 128 131 48 49 19 46 47 52 53 263 272 280 283 285 16 155 3 161 211 210 223 221 2 204 205 13 

24 20 0.72
135.70000000000002 0.11 24 242 246 244 291 294 129 128 131 48 49 19 46 47 52 53 263 272 280 283 285 16 155 3 195 201 228 227 225 221 2 209 20 
141.03 0.43 24 242 246 244 291 294 129 128 131 48 49 19 46 47 52 53 263 272 280 283 285 16 155 3 161 211 210 325 324 20 
145.03 0.17000000000000004 24 242 246 244 291 294 129 128 131 48 49 19 46 47 52 53 263 272 280 283 285 16 155 3 161 211 210 223 221 2 209 20 

24 21 1.06
149.37 0.16 24 242 246 244 291 294 129 128 131 48 49 19 46 47 52 53 263 272 280 283 285 16 155 3 195 201 228 227 225 221 2 209 20 215 218 25 206 13 205 21 
154.7 0.17 24 242 246 244 291 294 129 128 131 48 49 19 46 47 52 53 263 272 280 283 285 16 155 3 161 211 210 325 324 20 215 218 25 206 13 205 21 
157.1 0.47 24 242 246 244 291 294 129 128 131 48 49 19 46 47 52 53 263 272 280 283 285 16 155 3 161 211 210 325 324 20 209 2 204 205 21 
161.1 0.26 24 242 246 244 291 294 129 128 131 48 49 19 46 47 52 53 263 272 280 283 285 16 155 3 161 211 210 223 221 2 204 205 21 

25 2 14.14
11.76 5.25 25 214 215 20 209 2 
14.7 8.89 25 206 13 205 204 2 

25 3 11.99
28.439999999999998 4.45 25 214 215 20 209 2 221 222 223 224 195 3 
31.380000000000003 3.1499999999999995 25 206 13 205 204 2 221 222 223 224 195 3 
35.91 0.83 25 206 13 205 204 223 224 195 3 
45.52 3.56 25 206 13 205 204 2 219 325 208 203 322 346 3 

25 5 9.81
55.67 3.64 25 214 215 20 209 2 219 325 208 207 323 15 318 279 278 271 270 5 
58.61 6.17 25 206 13 205 204 2 219 325 208 207 323 15 318 279 278 271 270 5 

25 6 1.58
56.55 0.59 25 214 215 20 209 2 221 222 223 224 195 3 155 16 277 196 71 6 
59.489999999999995 0.41000000000000003 25 206 13 205 204 2 221 222 223 224 195 3 155 16 277 196 71 6 
64.02 0.11 25 206 13 205 204 223 224 195 3 155 16 277 196 71 6 
73.63 0.47 25 206 13 205 204 2 219 325 208 203 322 346 3 155 16 277 196 71 6 

25 8 0.14
116.01 0.05 25 214 215 20 209 2 219 325 208 207 323 15 318 279 278 271 270 5 273 262 54 57 50 51 138 127 129 122 360 119 116 117 8 
118.95 0.09 25 206 13 205 204 2 219 325 208 207 323 15 318 279 278 271 270 5 273 262 54 57 50 51 138 127 129 122 360 119 116 117 8 

25 9 0.65
120.35000000000001 0.24 25 214 215 20 209 2 219 325 208 207 323 15 318 279 278 271 270 5 273 262 54 57 50 51 138 127 129 122 360 132 133 106 107 84 9 
123.29 0.41 25 206 13 205 204 2 219 325 208 207 323 15 318 279 278 271 270 5 273 262 54 57 50 51 138 127 129 122 360 132 133 106 107 84 9 

25 10 0.33
117.68 0.12 25 214 215 20 209 2 219 325 208 207 323 15 318 279 278 271 270 5 273 262 54 57 50 51 138 127 293 241 245 238 10 
120.62 0.21 25 206 13 205 204 2 219 325 208 207 323 15 318 279 278 271 270 5 273 262 54 57 50 51 138 127 293 241 245 238 10 

25 11 0.08
158.36000000000004 0.03 25 214 215 20 209 2 219 325 208 207 323 15 318 279 278 271 270 5 273 262 54 57 50 51 48 49 19 334 338 339 342 331 76 75 115 110 187 191 11 
161.30000000000004 0.05 25 206 13 205 204 2 219 325 208 207 323 15 318 279 278 271 270 5 273 262 54 57 50 51 48 49 19 334 338 339 342 331 76 75 115 110 187 191 11 

25 12 0.67
156.36 0.25 25 214 215 20 209 2 219 325 208 207 323 15 318 279 278 271 270 5 273 262 54 57 50 51 138 127 129 122 360 119 116 117 8 99 247 248 65 12 
159.3 0.42 25 206 13 205 204 2 219 325 208 207 323 15 318 279 278 271 270 5 273 262 54 57 50 51 138 127 129 122 360 119 116 117 8 99 247 248 65 12 

25 15 13.75
41.25 5.11 25 214 215 20 209 2 219 325 208 207 323 15 
44.19 8.64 25 206 13 205 204 2 219 325 208 207 323 15 

25 16 8.09
28.439999999999998 3.0 25 214 215 20 209 2 221 222 223 224 195 3 155 16 
31.380000000000003 2.13 25 206 13 205 204 2 221 222 223 224 195 3 155 16 
35.91 0.56 25 206 13 205 204 223 224 195 3 155 16 
45.52 2.4 25 206 13 205 204 2 219 325 208 203 322 346 3 155 16 

25 17 11.83
61.93 4.39 25 214 215 20 209 2 221 222 223 224 195 3 155 16 277 196 71 6 68 151 17 
64.86999999999999 3.1000000000000005 25 206 13 205 204 2 221 222 223 224 195 3 155 16 277 196 71 6 68 151 17 
69.39999999999999 0.82 25 206 13 205 204 223 224 195 3 155 16 277 196 71 6 68 151 17 
79.00999999999999 3.5099999999999993 25 206 13 205 204 2 219 325 208 203 322 346 3 155 16 277 196 71 6 68 151 17 

25 19 0.05
84.01 0.02 25 214 215 20 209 2 219 325 208 207 323 15 318 279 278 271 270 5 273 262 54 57 50 51 48 49 19 
86.95 0.03 25 206 13 205 204 2 219 325 208 207 323 15 318 279 278 271 270 5 273 262 54 57 50 51 48 49 19 

25 20 5.89
11.76 2.19 25 214 215 20 
14.7 3.7 25 206 13 205 204 2 209 20 

25 22 8.31
56.06 2.99 25 214 215 20 209 2 221 222 223 224 195 3 155 16 277 196 197 356 22 
59.0 2.17 25 206 13 205 204 2 221 222 223 224 195 3 155 16 277 196 197 356 22 
63.53 0.5199999999999996 25 206 13 205 204 223 224 195 3 155 16 277 196 197 356 22 
66.2 0.73 25 206 13 205 21 314 348 1 329 312 4 298 307 308 304 199 194 197 356 22 
73.14 1.9 25 206 13 205 204 2 219 325 208 203 322 346 3 155 16 277 196 197 356 22 

25 23 5.48
56.06 1.97 25 214 215 20 209 2 221 222 223 224 195 3 155 16 277 196 197 356 22 352 23 
59.0 1.43 25 206 13 205 204 2 221 222 223 224 195 3 155 16 277 196 197 356 22 352 23 
63.53 0.35 25 206 13 205 204 223 224 195 3 155 16 277 196 197 356 22 352 23 
66.2 0.48 25 206 13 205 21 314 348 1 329 312 4 298 307 308 304 199 194 197 356 22 352 23 
73.14 1.25 25 206 13 205 204 2 219 325 208 203 322 346 3 155 16 277 196 197 356 22 352 23 

25 24 0.02
117.68 0.01 25 214 215 20 209 2 219 325 208 207 323 15 318 279 278 271 270 5 273 262 54 57 50 51 138 127 293 241 245 238 24 
120.62 0.01 25 206 13 205 204 2 219 325 208 207 323 15 318 279 278 271 270 5 273 262 54 57 50 51 138 127 293 241 245 238 24 

26 2 11.12
83.45 4.13 26 59 171 164 165 252 266 350 349 21 205 13 206 25 214 215 20 209 2 
86.39 6.989999999999999 26 59 171 164 165 252 266 350 349 21 205 204 2 

26 15 10.75
112.94000000000001 3.99 26 59 171 164 165 252 266 350 349 21 205 13 206 25 214 215 20 209 2 219 325 208 207 323 15 
115.88000000000001 6.76 26 59 171 164 165 252 266 350 349 21 205 204 2 219 325 208 207 323 15 

26 20 11.96
83.45 4.44 26 59 171 164 165 252 266 350 349 21 205 13 206 25 214 215 20 
86.39 7.52 26 59 171 164 165 252 266 350 349 21 205 204 2 209 20 

