origin destination total_flow
time flow nodes_in_path
1 2 63.802849
0.4 63.8 1 3 2 

1 3 471.81948
0.24 471.82 1 3 

1 7 918.488499
0.22 918.49 1 7 

1 21 28.772957
0.71 28.77 1 7 13 14 22 21 

1 22 31.681824
0.6 31.68 1 7 13 14 22 

1 29 29.681628
0.7 29.68 1 7 13 14 22 29 

1 30 8.606275
0.8700000000000001 8.61 1 3 6 8 11 10 20 30 

1 31 8.606275
0.9000000000000001 8.61 1 3 6 8 11 10 20 30 31 

1 32 8.606275
0.9700000000000002 8.61 1 3 6 8 11 10 20 30 31 32 

1 33 8.606275
1.03 8.61 1 7 13 14 22 21 23 24 33 

1 36 11.722161
1.2500511508951409 11.71 1 7 13 14 22 29 41 40 39 38 42 43 44 36 
1.2500511508951409 0.02 1 3 6 8 11 10 20 30 31 32 34 35 36 

1 37 20.428002
0.9500000000000001 20.43 1 7 13 14 22 29 41 40 39 38 37 

1 38 20.428002
0.9 20.43 1 7 13 14 22 29 41 40 39 38 

1 39 20.428002
0.85 20.43 1 7 13 14 22 29 41 40 39 

1 40 20.428002
0.83 20.43 1 7 13 14 22 29 41 40 

1 42 23.394305
0.99 23.39 1 7 13 14 22 29 41 40 39 38 42 

1 48 14.575279
1.1 14.58 1 7 13 14 22 29 41 40 39 48 

1 49 8.505481
1.35 8.51 1 7 13 14 22 29 41 40 39 48 49 

1 50 9.077854
1.54 9.08 1 7 13 14 22 29 41 40 39 48 49 50 

1 51 9.077854
1.56 9.08 1 7 13 14 22 29 41 40 39 48 52 51 

1 52 4.484028
1.35 4.48 1 7 13 14 22 29 41 40 39 48 52 

1 53 4.452338
1.3 4.45 1 7 13 14 22 29 41 40 39 48 53 

1 54 1.875118
1.26 1.88 1 7 13 14 22 29 41 40 39 38 42 45 46 54 

1 59 2.02354
1.0 2.02 1 3 6 8 11 10 20 58 59 

1 60 2.02354
0.9800000000000001 2.02 1 3 6 8 11 10 20 30 60 

1 61 1.880171
1.6300000000000001 1.88 1 3 6 8 11 10 20 30 60 61 

1 62 1.93676
1.2200000000000002 1.94 1 3 6 8 11 10 20 30 60 63 62 

1 63 1.93676
1.1600000000000001 1.94 1 3 6 8 11 10 20 30 60 63 

1 64 1.93676
1.2700000000000002 1.94 1 3 6 8 11 10 20 30 60 63 65 64 

1 65 1.93676
1.1900000000000002 1.94 1 3 6 8 11 10 20 30 60 63 65 

1 66 1.93676
1.2800000000000002 1.94 1 3 6 8 11 10 20 30 60 63 65 66 

1 67 1.948398
1.11 1.95 1 3 6 8 11 10 20 30 60 67 

1 69 1.965538
1.1700000000000002 1.97 1 3 6 8 11 10 20 30 60 69 

2 1 44.610847
0.4 44.61 2 3 1 

2 3 118.65221
0.16 118.65 2 3 

2 6 381.411877
0.27 381.41 2 3 6 

2 10 167.195351
0.43000000000000005 167.2 2 3 6 8 11 10 

2 13 104.283571
0.55 104.28 2 3 6 13 

2 14 104.283571
0.62 104.28 2 3 6 8 16 17 14 

2 16 90.951624
0.49 90.95 2 3 6 8 16 

2 17 90.951624
0.51 90.95 2 3 6 8 16 17 

2 18 90.951624
0.5800000000000001 90.95 2 3 6 8 11 10 18 

3 1 67.639683
0.24 67.64 3 1 

3 2 72.07049
0.16 72.07 3 2 

3 12 134.776233
0.6 134.78 3 7 9 12 

6 1 56.935997
0.35 56.94 6 3 1 

6 2 320.643351
0.27 320.64 6 3 2 

6 3 329.230351
0.11 329.23 6 3 

6 10 957.700233
0.16 957.7 6 8 11 10 

6 13 136.941407
0.28 136.94 6 13 

6 14 136.941407
0.35 136.94 6 8 16 17 14 

6 16 181.417875
0.22 181.42 6 8 16 

6 17 181.417875
0.24 181.42 6 8 16 17 

6 18 181.417875
0.31 181.42 6 8 11 10 18 

6 21 54.322955
0.38 54.32 6 8 16 22 21 

6 22 64.777032
0.27 64.78 6 8 16 22 

6 29 60.697739
0.37 60.7 6 8 16 22 29 

6 37 30.94704
0.6200000000000001 30.95 6 8 16 22 29 41 40 39 38 37 

6 38 30.94704
0.5700000000000001 30.95 6 8 16 22 29 41 40 39 38 

6 39 30.94704
0.52 30.95 6 8 16 22 29 41 40 39 

6 40 30.94704
0.5 30.95 6 8 16 22 29 41 40 

6 42 32.851189
0.66 32.85 6 8 16 22 29 41 40 39 38 42 

6 48 20.758405
0.77 20.76 6 8 16 22 29 41 40 39 48 

6 49 10.05071
1.02 10.05 6 8 16 22 29 41 40 39 48 49 

6 50 11.007453
1.21 11.01 6 8 16 22 29 41 40 39 48 49 50 

6 51 11.007453
1.23 11.01 6 8 16 22 29 41 40 39 48 52 51 

6 52 4.830574
1.02 4.83 6 8 16 22 29 41 40 39 48 52 

6 53 4.854254
0.97 4.85 6 8 16 22 29 41 40 39 48 53 

7 1 724.768919
0.22 724.77 7 1 

10 1 4.448323
0.51 4.45 10 11 8 6 3 1 

10 2 465.677208
0.43000000000000005 465.68 10 11 8 6 3 2 

10 3 4.605681
0.27 4.61 10 11 8 6 3 

10 6 190.63577
0.16 190.64 10 11 8 6 

10 13 4.525612
0.44000000000000006 4.53 10 11 8 6 13 

10 14 4.525612
0.39 4.53 10 18 19 16 17 14 

10 22 21.565511
0.31 21.57 10 18 19 16 22 

10 29 20.731984
0.41000000000000003 20.73 10 18 19 16 22 29 

10 37 15.86574
0.51 15.87 10 18 21 23 24 26 28 37 

10 38 15.86574
0.56 15.87 10 18 21 23 24 26 28 37 38 

10 39 15.86574
0.56 15.87 10 18 19 16 22 29 41 40 39 

10 40 15.86574
0.54 15.87 10 18 19 16 22 29 41 40 

10 42 17.17806
0.65 17.18 10 18 21 23 24 26 28 37 38 42 

10 48 12.195396
0.81 12.2 10 18 19 16 22 29 41 40 39 48 

10 49 7.651356
1.06 7.65 10 18 19 16 22 29 41 40 39 48 49 

10 50 8.154251
1.25 8.15 10 18 19 16 22 29 41 40 39 48 49 50 

10 51 8.154251
1.27 8.15 10 18 19 16 22 29 41 40 39 48 52 51 

10 52 4.284714
1.06 4.28 10 18 19 16 22 29 41 40 39 48 52 

10 53 4.26372
1.01 4.26 10 18 19 16 22 29 41 40 39 48 53 

12 1 35.255907
0.46 35.26 12 9 7 1 

12 3 123.040888
0.59 121.89 12 9 7 3 
0.59 1.15 12 9 13 6 3 

12 55 146.285293
1.3399999999999999 146.29 12 9 13 6 8 11 10 20 58 57 55 

12 56 146.285293
1.3199999999999998 146.29 12 9 13 6 8 11 10 20 58 57 56 

13 3 86.78809
0.39 86.79 13 6 3 

13 20 29.539054
0.6100000000000001 29.54 13 6 8 11 10 20 

13 21 46.76841
0.4 46.77 13 14 22 21 

13 22 51.400936
0.29000000000000004 51.4 13 14 22 

13 29 54.525265
0.39 54.53 13 14 22 29 

13 30 10.879468
0.8 10.88 13 6 8 11 10 20 30 

13 31 10.879468
0.8300000000000001 10.88 13 6 8 11 10 20 30 31 

13 32 10.879468
0.8200000000000001 3.42 13 14 22 21 23 24 33 32 
0.8200000000000001 7.46 13 14 22 21 23 24 33 34 32 

13 33 10.879468
0.72 10.88 13 14 22 21 23 24 33 

13 37 30.048272
0.6400000000000001 30.05 13 14 22 29 41 40 39 38 37 

13 38 30.048272
0.5900000000000001 30.05 13 14 22 29 41 40 39 38 

13 39 30.048272
0.54 30.05 13 14 22 29 41 40 39 

13 40 30.048272
0.52 30.05 13 14 22 29 41 40 

13 42 32.076354
0.68 32.08 13 14 22 29 41 40 39 38 42 

13 48 18.612489
0.79 18.61 13 14 22 29 41 40 39 48 

13 49 9.839607
1.04 9.84 13 14 22 29 41 40 39 48 49 

13 50 10.662938
1.23 10.66 13 14 22 29 41 40 39 48 49 50 

13 51 10.662938
1.25 10.66 13 14 22 29 41 40 39 48 52 51 

13 52 4.778146
1.04 4.78 13 14 22 29 41 40 39 48 52 

13 53 4.783582
0.99 4.78 13 14 22 29 41 40 39 48 53 

13 54 1.950833
0.9500000000000001 1.95 13 14 22 29 41 40 39 38 42 45 46 54 

13 59 2.034743
0.93 2.03 13 6 8 11 10 20 58 59 

13 60 2.034743
0.91 2.03 13 6 8 11 10 20 30 60 
0.91 0.0 13 14 22 21 23 24 33 34 32 60 

13 61 2.019167
1.56 2.02 13 6 8 11 10 20 30 60 61 

13 62 2.007117
1.1500000000000001 2.0 13 6 8 11 10 20 30 60 63 62 
1.1500000000000001 0.0 13 14 22 21 23 24 33 34 32 60 63 62 

13 63 2.007117
1.09 2.0 13 6 8 11 10 20 30 60 63 
1.09 0.0 13 14 22 21 23 24 33 34 32 60 63 

13 64 2.007117
1.2000000000000002 2.0 13 6 8 11 10 20 30 60 63 65 64 
1.2000000000000002 0.0 13 14 22 21 23 24 33 34 32 60 63 65 64 

13 65 2.007117
1.12 2.0 13 6 8 11 10 20 30 60 63 65 
1.12 0.0 13 14 22 21 23 24 33 34 32 60 63 65 

13 66 2.007117
1.2100000000000002 2.0 13 6 8 11 10 20 30 60 63 65 66 
1.2100000000000002 0.0 13 14 22 21 23 24 33 34 32 60 63 65 66 

13 67 2.01248
1.04 2.01 13 6 8 11 10 20 30 60 67 

13 69 9.568677
1.1000208986415885 9.56 13 6 8 11 10 20 30 60 69 
1.1000208986415885 0.009999999999999787 13 14 22 21 23 24 33 34 32 60 69 

14 3 86.78809
0.44999999999999996 86.79 14 17 16 8 6 3 

14 20 29.539054
0.54 29.54 14 22 21 20 

14 21 46.76841
0.26 46.77 14 22 21 

14 22 51.400936
0.15 51.4 14 22 

14 29 54.525265
0.25 54.53 14 22 29 

14 30 10.879468
0.7300735294117647 10.86 14 22 21 20 30 
0.7300735294117647 0.02 14 22 21 23 24 33 34 32 31 30 

14 31 10.879468
0.74 3.42 14 22 21 23 24 33 32 31 
0.74 7.46 14 22 21 23 24 33 34 32 31 

14 32 10.879468
0.6799999999999999 3.42 14 22 21 23 24 33 32 
0.6799999999999999 7.46 14 22 21 23 24 33 34 32 

14 33 10.879468
0.58 10.88 14 22 21 23 24 33 

14 37 30.048272
0.5 30.05 14 22 29 41 40 39 38 37 

14 38 30.048272
0.45 30.05 14 22 29 41 40 39 38 

14 39 30.048272
0.4 30.05 14 22 29 41 40 39 

14 40 30.048272
0.38 30.05 14 22 29 41 40 

14 42 32.076354
0.54 32.08 14 22 29 41 40 39 38 42 

14 48 18.612489
0.65 18.61 14 22 29 41 40 39 48 

14 49 9.839607
0.9 9.84 14 22 29 41 40 39 48 49 

14 50 10.662938
1.09 10.66 14 22 29 41 40 39 48 49 50 

14 51 10.662938
1.11 10.66 14 22 29 41 40 39 48 52 51 

14 52 4.778146
0.9 4.78 14 22 29 41 40 39 48 52 

14 53 4.783582
0.8500000000000001 4.78 14 22 29 41 40 39 48 53 

14 54 1.950833
0.81 1.95 14 22 29 41 40 39 38 42 45 46 54 

14 59 2.034743
0.86 2.03 14 22 21 20 58 59 

14 60 2.034743
0.7899999999999999 1.17 14 22 21 23 24 33 34 60 
0.7899999999999999 0.04 14 22 21 23 24 33 32 60 
0.7899999999999999 0.8199999999999998 14 22 21 23 24 33 34 32 60 

14 61 2.019167
1.44 1.16 14 22 21 23 24 33 34 60 61 
1.44 0.04 14 22 21 23 24 33 32 60 61 
1.44 0.82 14 22 21 23 24 33 34 32 60 61 

14 62 2.007117
1.0299999999999998 1.15 14 22 21 23 24 33 34 60 63 62 
1.0299999999999998 0.04 14 22 21 23 24 33 32 60 63 62 
1.0299999999999998 0.8099999999999999 14 22 21 23 24 33 34 32 60 63 62 

14 63 2.007117
0.97 1.15 14 22 21 23 24 33 34 60 63 
0.97 0.04 14 22 21 23 24 33 32 60 63 
0.97 0.8099999999999999 14 22 21 23 24 33 34 32 60 63 

14 64 2.007117
1.08 1.15 14 22 21 23 24 33 34 60 63 65 64 
1.08 0.04 14 22 21 23 24 33 32 60 63 65 64 
1.08 0.8099999999999999 14 22 21 23 24 33 34 32 60 63 65 64 

14 65 2.007117
1.0 1.15 14 22 21 23 24 33 34 60 63 65 
1.0 0.04 14 22 21 23 24 33 32 60 63 65 
1.0 0.8099999999999999 14 22 21 23 24 33 34 32 60 63 65 

14 66 2.007117
1.09 1.15 14 22 21 23 24 33 34 60 63 65 66 
1.09 0.04 14 22 21 23 24 33 32 60 63 65 66 
1.09 0.8099999999999999 14 22 21 23 24 33 34 32 60 63 65 66 

14 67 2.01248
0.9199999999999999 1.16 14 22 21 23 24 33 34 60 67 
0.9199999999999999 0.04 14 22 21 23 24 33 32 60 67 
0.9199999999999999 0.8099999999999998 14 22 21 23 24 33 34 32 60 67 

14 69 9.568677
0.9800000000000002 5.5 14 22 21 23 24 33 34 60 69 
0.9800000000000002 0.17 14 22 21 23 24 33 32 60 69 
0.9800000000000002 3.8899999999999997 14 22 21 23 24 33 34 32 60 69 

16 10 260.414981
0.28 260.41 16 19 18 10 

16 20 62.737552
0.44000000000000006 62.74 16 22 21 20 

16 21 688.877784
0.16 688.88 16 22 21 

17 10 260.414981
0.30000000000000004 260.41 17 16 19 18 10 

17 20 62.737552
0.46 62.74 17 16 22 21 20 

17 21 688.877784
0.18 688.88 17 16 22 21 

18 10 260.414981
0.15 260.41 18 10 

18 20 62.737552
0.32 62.74 18 10 20 

18 21 688.877784
0.08 688.88 18 21 

20 1 3.252073
0.6799999999999999 3.25 20 10 11 8 6 3 1 

20 3 3.391481
0.44 3.39 20 10 11 8 6 3 

20 6 21.933356
0.33 21.93 20 10 11 8 6 

20 13 18.287751
0.6100000000000001 18.29 20 10 11 8 6 13 

20 14 18.287751
0.5600328048113725 18.23 20 10 18 19 16 17 14 
0.5600328048113725 0.06 20 21 22 14 

20 16 33.115467
0.43 33.12 20 10 18 19 16 

20 17 33.115467
0.45 33.12 20 10 18 19 16 17 

20 18 33.115467
0.32 33.12 20 10 18 

20 21 45.27844
0.31 45.28 20 21 

20 22 35.129881
0.42 35.13 20 21 22 

20 29 33.350341
0.52 33.35 20 21 22 29 

20 37 22.259766
0.59 22.26 20 21 23 24 26 28 37 

20 38 22.259766
0.64 22.26 20 21 23 24 26 28 37 38 

20 39 22.259766
0.67 22.26 20 21 22 29 41 40 39 

20 40 22.259766
0.65 22.26 20 21 22 29 41 40 

20 48 15.777547
0.92 15.78 20 21 22 29 41 40 39 48 

20 49 8.825479
1.17 8.83 20 21 22 29 41 40 39 48 49 

20 50 9.573856
1.3599999999999999 9.57 20 21 22 29 41 40 39 48 49 50 

20 51 9.573856
1.38 9.57 20 21 22 29 41 40 39 48 52 51 

20 52 4.553094
1.17 4.55 20 21 22 29 41 40 39 48 52 

20 53 4.532077
1.1200220264317182 4.53 20 21 22 29 41 40 39 48 53 
1.1200220264317182 0.01 20 30 31 32 34 35 36 44 46 54 53 

20 54 6.749569
0.9301037037037037 6.74 20 30 31 32 34 35 36 44 46 54 
0.9301037037037037 0.009999999999999787 20 21 23 24 26 28 37 38 42 45 46 54 

20 59 8.792995
0.32 8.79 20 58 59 

20 60 8.792995
0.3 8.79 20 30 60 

20 61 7.339336
0.95 7.34 20 30 60 61 

20 62 7.642929
0.54 7.64 20 30 60 63 62 

20 63 7.642929
0.48 7.64 20 30 60 63 

20 64 7.642929
0.59 7.64 20 30 60 63 65 64 

20 65 7.642929
0.51 7.64 20 30 60 63 65 

20 66 7.642929
0.6 7.64 20 30 60 63 65 66 

20 67 7.803461
0.43 7.8 20 30 60 67 

20 69 8.319704
0.49 8.32 20 30 60 69 

21 1 0.600509
0.7 0.6 21 22 14 13 7 1 

21 2 69.588982
0.6499999999999999 69.59 21 22 16 8 6 3 2 

21 3 34.152265
0.48999999999999994 34.15 21 22 16 8 6 3 

21 6 90.624224
0.37999999999999995 90.62 21 22 16 8 6 

21 10 82.94767
0.22999999999999998 82.95 21 18 10 

21 13 31.164585
0.39 31.16 21 22 14 13 

21 14 31.164585
0.26 31.16 21 22 14 

21 16 130.672428
0.16 130.67 21 22 16 

21 17 130.672428
0.18 130.67 21 22 16 17 

21 18 130.672428
0.08 130.67 21 18 

21 20 69.508539
0.28 69.51 21 20 

21 22 165.778825
0.11 165.78 21 22 

21 29 127.215304
0.21000000000000002 127.22 21 22 29 

21 30 343.118218
0.47005712287246443 342.63 21 20 30 
0.47005712287246443 0.49 21 23 24 33 34 32 31 30 

21 31 343.118218
0.48000000000000004 107.74 21 23 24 33 32 31 
0.48000000000000004 235.38 21 23 24 33 34 32 31 

21 32 343.118218
0.4200000000000001 107.74 21 23 24 33 32 
0.4200000000000001 235.38 21 23 24 33 34 32 

21 33 343.118218
0.32 343.12 21 23 24 33 

21 37 43.112684
0.28 43.11 21 23 24 26 28 37 

21 38 43.112684
0.33 43.11 21 23 24 26 28 37 38 

21 39 43.112684
0.36000000000000004 43.11 21 22 29 41 40 39 

21 40 43.112684
0.34 43.11 21 22 29 41 40 

21 48 25.087764
0.6100000000000001 25.09 21 22 29 41 40 39 48 

21 49 11.060213
0.8600000000000001 11.06 21 22 29 41 40 39 48 49 

21 50 12.263162
1.05 12.26 21 22 29 41 40 39 48 49 50 

21 51 12.263162
1.07 12.26 21 22 29 41 40 39 48 52 51 

21 52 5.013749
0.8600000000000001 5.01 21 22 29 41 40 39 48 52 

21 53 5.135306
0.81 5.14 21 22 29 41 40 39 48 53 

21 54 2.470772
0.6900000000000001 2.47 21 23 24 26 28 37 38 42 45 46 54 

21 59 2.681068
0.6000000000000001 2.68 21 20 58 59 

21 60 2.681068
0.53 1.54 21 23 24 33 34 60 
0.53 0.05 21 23 24 33 32 60 
0.53 1.0899999999999999 21 23 24 33 34 32 60 

21 61 2.552272
1.1800000000000002 1.47 21 23 24 33 34 60 61 
1.1800000000000002 0.05 21 23 24 33 32 60 61 
1.1800000000000002 1.0299999999999998 21 23 24 33 34 32 60 61 

21 62 2.594958
0.77 1.49 21 23 24 33 34 60 63 62 
0.77 0.05 21 23 24 33 32 60 63 62 
0.77 1.0499999999999998 21 23 24 33 34 32 60 63 62 

21 63 2.594958
0.71 1.49 21 23 24 33 34 60 63 
0.71 0.05 21 23 24 33 32 60 63 
0.71 1.0499999999999998 21 23 24 33 34 32 60 63 

21 64 2.594958
0.82 1.49 21 23 24 33 34 60 63 65 64 
0.82 0.05 21 23 24 33 32 60 63 65 64 
0.82 1.0499999999999998 21 23 24 33 34 32 60 63 65 64 

21 65 2.594958
0.74 1.49 21 23 24 33 34 60 63 65 
0.74 0.05 21 23 24 33 32 60 63 65 
0.74 1.0499999999999998 21 23 24 33 34 32 60 63 65 

21 66 2.594958
0.83 1.49 21 23 24 33 34 60 63 65 66 
0.83 0.05 21 23 24 33 32 60 63 65 66 
0.83 1.0499999999999998 21 23 24 33 34 32 60 63 65 66 

21 67 2.604952
0.6599999999999999 1.5 21 23 24 33 34 60 67 
0.6599999999999999 0.05 21 23 24 33 32 60 67 
0.6599999999999999 1.05 21 23 24 33 34 32 60 67 

21 69 113.704639
0.7200000000000001 65.41 21 23 24 33 34 60 69 
0.7200000000000001 2.05 21 23 24 33 32 60 69 
0.7200000000000001 46.24 21 23 24 33 34 32 60 69 

22 1 0.600056
0.59 0.6 22 14 13 7 1 

22 2 44.509766
0.5399999999999999 44.51 22 16 8 6 3 2 

22 3 43.44791
0.37999999999999995 43.45 22 16 8 6 3 

22 6 203.084968
0.26999999999999996 203.08 22 16 8 6 

22 10 212.162678
0.32999999999999996 212.16 22 16 19 18 10 

22 13 38.866391
0.28 38.87 22 14 13 

22 14 38.866391
0.15 38.87 22 14 

22 20 56.677571
0.39 56.68 22 21 20 

22 21 366.769954
0.11 366.77 22 21 

22 29 689.866708
0.1 689.87 22 29 

22 30 18.184193
0.5800440044004401 18.16 22 21 20 30 
0.5800440044004401 0.019999999999999574 22 21 23 24 33 34 32 31 30 

22 31 18.184193
0.5900000000000001 5.71 22 21 23 24 33 32 31 
0.5900000000000001 12.469999999999999 22 21 23 24 33 34 32 31 

22 32 18.184193
0.53 5.71 22 21 23 24 33 32 
0.53 12.469999999999999 22 21 23 24 33 34 32 

22 33 18.184193
0.43 18.18 22 21 23 24 33 

22 37 59.84674
0.35 59.85 22 29 41 40 39 38 37 

22 38 59.84674
0.3 59.85 22 29 41 40 39 38 

22 39 59.84674
0.24999999999999997 59.85 22 29 41 40 39 

22 40 59.84674
0.22999999999999998 59.85 22 29 41 40 

22 42 173.300132
0.39 173.3 22 29 41 40 39 38 42 

22 48 33.526332
0.5 33.53 22 29 41 40 39 48 

22 49 11.874589
0.75 11.87 22 29 41 40 39 48 49 

22 50 13.242918
0.94 13.24 22 29 41 40 39 48 49 50 

22 51 13.242918
0.96 13.24 22 29 41 40 39 48 52 51 

22 52 5.197101
0.75 5.2 22 29 41 40 39 48 52 

22 53 5.198821
0.7 5.2 22 29 41 40 39 48 53 

22 54 2.031226
0.66 2.03 22 29 41 40 39 38 42 45 46 54 

22 59 2.129852
0.7100000000000001 2.13 22 21 20 58 59 

22 60 2.129852
0.64 1.23 22 21 23 24 33 34 60 
0.64 0.04 22 21 23 24 33 32 60 
0.64 0.8599999999999999 22 21 23 24 33 34 32 60 

22 61 2.10535
1.29 1.21 22 21 23 24 33 34 60 61 
1.29 0.04 22 21 23 24 33 32 60 61 
1.29 0.85 22 21 23 24 33 34 32 60 61 

22 62 2.091389
0.88 1.2 22 21 23 24 33 34 60 63 62 
0.88 0.04 22 21 23 24 33 32 60 63 62 
0.88 0.8499999999999999 22 21 23 24 33 34 32 60 63 62 

22 63 2.091389
0.8200000000000001 1.2 22 21 23 24 33 34 60 63 
0.8200000000000001 0.04 22 21 23 24 33 32 60 63 
0.8200000000000001 0.8499999999999999 22 21 23 24 33 34 32 60 63 

22 64 2.091389
0.9299999999999999 1.2 22 21 23 24 33 34 60 63 65 64 
0.9299999999999999 0.04 22 21 23 24 33 32 60 63 65 64 
0.9299999999999999 0.8499999999999999 22 21 23 24 33 34 32 60 63 65 64 

22 65 2.091389
0.8500000000000001 1.2 22 21 23 24 33 34 60 63 65 
0.8500000000000001 0.04 22 21 23 24 33 32 60 63 65 
0.8500000000000001 0.8499999999999999 22 21 23 24 33 34 32 60 63 65 

22 66 2.091389
0.9400000000000002 1.2 22 21 23 24 33 34 60 63 65 66 
0.9400000000000002 0.04 22 21 23 24 33 32 60 63 65 66 
0.9400000000000002 0.8499999999999999 22 21 23 24 33 34 32 60 63 65 66 

22 67 2.100453
0.77 1.21 22 21 23 24 33 34 60 67 
0.77 0.04 22 21 23 24 33 32 60 67 
0.77 0.85 22 21 23 24 33 34 32 60 67 

22 69 13.610696
0.8300000000000001 7.83 22 21 23 24 33 34 60 69 
0.8300000000000001 0.25 22 21 23 24 33 32 60 69 
0.8300000000000001 5.529999999999999 22 21 23 24 33 34 32 60 69 

23 42 204.469722
0.35 204.47 23 24 26 28 37 38 42 

23 48 108.105939
0.56 108.11 23 24 26 28 37 38 39 48 

23 52 271.588602
0.81 271.59 23 24 26 28 37 38 39 48 52 

23 53 208.158371
0.76 208.16 23 24 26 28 37 38 39 48 53 

23 54 27.61604
0.62 27.62 23 24 26 28 37 38 42 45 46 54 

23 57 84.474335
0.7000000000000001 84.47 23 21 20 58 57 

23 59 142.622365
0.5900000000000001 2.57 23 24 33 32 60 59 
0.5900000000000001 58.0 23 24 33 34 32 60 59 
0.5900000000000001 82.05 23 24 33 34 60 59 

23 60 142.622365
0.45999999999999996 2.57 23 24 33 32 60 
0.45999999999999996 58.0 23 24 33 34 32 60 
0.45999999999999996 82.05 23 24 33 34 60 

23 61 49.334142
1.1099999999999999 0.89 23 24 33 32 60 61 
1.1099999999999999 20.06 23 24 33 34 32 60 61 
1.1099999999999999 28.38 23 24 33 34 60 61 

23 62 42.32433
0.6999999999999998 0.76 23 24 33 32 60 63 62 
0.6999999999999998 17.21 23 24 33 34 32 60 63 62 
0.6999999999999998 24.35 23 24 33 34 60 63 62 

23 63 42.32433
0.6399999999999999 0.76 23 24 33 32 60 63 
0.6399999999999999 17.21 23 24 33 34 32 60 63 
0.6399999999999999 24.35 23 24 33 34 60 63 

23 64 42.32433
0.7499999999999999 0.76 23 24 33 32 60 63 65 64 
0.7499999999999999 17.21 23 24 33 34 32 60 63 65 64 
0.7499999999999999 24.35 23 24 33 34 60 63 65 64 

23 65 42.32433
0.6699999999999999 0.76 23 24 33 32 60 63 65 
0.6699999999999999 17.21 23 24 33 34 32 60 63 65 
0.6699999999999999 24.35 23 24 33 34 60 63 65 

23 66 42.32433
0.7599999999999999 0.76 23 24 33 32 60 63 65 66 
0.7599999999999999 17.21 23 24 33 34 32 60 63 65 66 
0.7599999999999999 24.35 23 24 33 34 60 63 65 66 

23 67 55.673431
0.59 1.0 23 24 33 32 60 67 
0.59 22.64 23 24 33 34 32 60 67 
0.59 32.03 23 24 33 34 60 67 

24 42 204.469722
0.30999999999999994 204.47 24 26 28 37 38 42 

24 48 108.105939
0.52 108.11 24 26 28 37 38 39 48 

24 52 271.588602
0.77 271.59 24 26 28 37 38 39 48 52 

24 53 208.158371
0.72 208.16 24 26 28 37 38 39 48 53 

24 54 27.61604
0.58 27.62 24 26 28 37 38 42 45 46 54 

24 57 84.474335
0.7400000000000001 84.47 24 23 21 20 58 57 

24 59 142.622365
0.55 2.57 24 33 32 60 59 
0.55 82.05 24 33 34 60 59 
0.55 58.0 24 33 34 32 60 59 

24 60 142.622365
0.42000000000000004 2.57 24 33 32 60 
0.42000000000000004 82.05 24 33 34 60 
0.42000000000000004 58.0 24 33 34 32 60 

24 61 49.334142
1.07 0.89 24 33 32 60 61 
1.07 28.38 24 33 34 60 61 
1.07 20.06 24 33 34 32 60 61 

24 62 42.32433
0.66 0.76 24 33 32 60 63 62 
0.66 24.35 24 33 34 60 63 62 
0.66 17.21 24 33 34 32 60 63 62 

24 63 42.32433
0.6 0.76 24 33 32 60 63 
0.6 24.35 24 33 34 60 63 
0.6 17.21 24 33 34 32 60 63 

24 64 42.32433
0.71 0.76 24 33 32 60 63 65 64 
0.71 24.35 24 33 34 60 63 65 64 
0.71 17.21 24 33 34 32 60 63 65 64 

24 65 42.32433
0.63 0.76 24 33 32 60 63 65 
0.63 24.35 24 33 34 60 63 65 
0.63 17.21 24 33 34 32 60 63 65 

24 66 42.32433
0.72 0.76 24 33 32 60 63 65 66 
0.72 24.35 24 33 34 60 63 65 66 
0.72 17.21 24 33 34 32 60 63 65 66 

24 67 55.673431
0.55 1.0 24 33 32 60 67 
0.55 32.03 24 33 34 60 67 
0.55 22.64 24 33 34 32 60 67 

25 42 204.469722
0.33999999999999997 204.47 25 24 26 28 37 38 42 

25 48 108.105939
0.55 108.11 25 24 26 28 37 38 39 48 

25 52 271.588602
0.8 271.59 25 24 26 28 37 38 39 48 52 

25 53 208.158371
0.75 208.16 25 24 26 28 37 38 39 48 53 

25 54 27.61604
0.61 27.62 25 24 26 28 37 38 42 45 46 54 

25 57 84.474335
0.7700000000000001 84.47 25 24 23 21 20 58 57 

25 59 142.622365
0.5800000000000001 2.57 25 24 33 32 60 59 
0.5800000000000001 58.0 25 24 33 34 32 60 59 
0.5800000000000001 82.05 25 24 33 34 60 59 

25 60 142.622365
0.45 2.57 25 24 33 32 60 
0.45 58.0 25 24 33 34 32 60 
0.45 82.05 25 24 33 34 60 

25 61 49.334142
1.1 0.89 25 24 33 32 60 61 
1.1 20.06 25 24 33 34 32 60 61 
1.1 28.38 25 24 33 34 60 61 

25 62 42.32433
0.69 0.76 25 24 33 32 60 63 62 
0.69 17.21 25 24 33 34 32 60 63 62 
0.69 24.35 25 24 33 34 60 63 62 

25 63 42.32433
0.6299999999999999 0.76 25 24 33 32 60 63 
0.6299999999999999 17.21 25 24 33 34 32 60 63 
0.6299999999999999 24.35 25 24 33 34 60 63 

25 64 42.32433
0.7399999999999999 0.76 25 24 33 32 60 63 65 64 
0.7399999999999999 17.21 25 24 33 34 32 60 63 65 64 
0.7399999999999999 24.35 25 24 33 34 60 63 65 64 

25 65 42.32433
0.6599999999999999 0.76 25 24 33 32 60 63 65 
0.6599999999999999 17.21 25 24 33 34 32 60 63 65 
0.6599999999999999 24.35 25 24 33 34 60 63 65 

25 66 42.32433
0.7499999999999999 0.76 25 24 33 32 60 63 65 66 
0.7499999999999999 17.21 25 24 33 34 32 60 63 65 66 
0.7499999999999999 24.35 25 24 33 34 60 63 65 66 

25 67 55.673431
0.5800000000000001 1.0 25 24 33 32 60 67 
0.5800000000000001 22.64 25 24 33 34 32 60 67 
0.5800000000000001 32.03 25 24 33 34 60 67 

26 42 204.469722
0.29000000000000004 204.47 26 28 37 38 42 

26 48 108.105939
0.5 108.11 26 28 37 38 39 48 

26 52 271.588602
0.75 271.59 26 28 37 38 39 48 52 

26 53 208.158371
0.7 208.16 26 28 37 38 39 48 53 

26 54 27.61604
0.56 27.62 26 28 37 38 42 45 46 54 

26 57 84.474335
0.7600000000000001 84.47 26 24 23 21 20 58 57 

26 59 142.622365
0.57 2.57 26 24 33 32 60 59 
0.57 58.0 26 24 33 34 32 60 59 
0.57 82.05 26 24 33 34 60 59 

26 60 142.622365
0.43999999999999995 2.57 26 24 33 32 60 
0.43999999999999995 58.0 26 24 33 34 32 60 
0.43999999999999995 82.05 26 24 33 34 60 

26 61 49.334142
1.09 0.89 26 24 33 32 60 61 
1.09 20.06 26 24 33 34 32 60 61 
1.09 28.38 26 24 33 34 60 61 

26 62 42.32433
0.6799999999999998 0.76 26 24 33 32 60 63 62 
0.6799999999999998 17.21 26 24 33 34 32 60 63 62 
0.6799999999999998 24.35 26 24 33 34 60 63 62 

26 63 42.32433
0.6199999999999999 0.76 26 24 33 32 60 63 
0.6199999999999999 17.21 26 24 33 34 32 60 63 
0.6199999999999999 24.35 26 24 33 34 60 63 

26 64 42.32433
0.7299999999999999 0.76 26 24 33 32 60 63 65 64 
0.7299999999999999 17.21 26 24 33 34 32 60 63 65 64 
0.7299999999999999 24.35 26 24 33 34 60 63 65 64 

26 65 42.32433
0.6499999999999999 0.76 26 24 33 32 60 63 65 
0.6499999999999999 17.21 26 24 33 34 32 60 63 65 
0.6499999999999999 24.35 26 24 33 34 60 63 65 

26 66 42.32433
0.7399999999999999 0.76 26 24 33 32 60 63 65 66 
0.7399999999999999 17.21 26 24 33 34 32 60 63 65 66 
0.7399999999999999 24.35 26 24 33 34 60 63 65 66 

26 67 55.673431
0.5700000000000001 1.0 26 24 33 32 60 67 
0.5700000000000001 22.64 26 24 33 34 32 60 67 
0.5700000000000001 32.03 26 24 33 34 60 67 

29 1 0.593797
0.69 0.59 29 22 14 13 7 1 

29 2 16.349612
0.64 16.35 29 22 16 8 6 3 2 

29 3 16.226002
0.48 16.23 29 22 16 8 6 3 

29 6 22.998423
0.37 23.0 29 22 16 8 6 

29 10 23.463504
0.43000000000000005 23.46 29 22 16 19 18 10 

29 13 15.247569
0.38 15.25 29 22 14 13 

29 14 15.247569
0.25 15.25 29 22 14 

29 20 18.701883
0.49000000000000005 18.7 29 22 21 20 

29 21 23.837413
0.21000000000000002 23.84 29 22 21 

29 22 26.127718
0.1 26.13 29 22 

29 30 8.29172
0.6800482509047046 8.28 29 22 21 20 30 
0.6800482509047046 0.009999999999999787 29 22 21 23 24 33 34 32 31 30 

29 31 8.29172
0.6900000000000002 2.6 29 22 21 23 24 33 32 31 
0.6900000000000002 5.6899999999999995 29 22 21 23 24 33 34 32 31 

29 32 8.29172
0.6300000000000001 2.6 29 22 21 23 24 33 32 
0.6300000000000001 5.6899999999999995 29 22 21 23 24 33 34 32 

29 33 8.29172
0.53 8.29 29 22 21 23 24 33 

29 37 65.639699
0.25 65.64 29 41 40 39 38 37 

29 38 65.639699
0.2 65.64 29 41 40 39 38 

29 39 65.639699
0.15 65.64 29 41 40 39 

29 40 65.639699
0.13 65.64 29 41 40 

29 49 12.129825
0.65 12.13 29 41 40 39 48 49 

29 50 13.404984
0.8400000000000001 13.4 29 41 40 39 48 49 50 

29 51 13.404984
0.86 13.4 29 41 40 39 48 52 51 

29 59 2.006949
0.81 2.01 29 22 21 20 58 59 

29 60 2.006949
0.74 0.04 29 22 21 23 24 33 32 60 
0.74 1.15 29 22 21 23 24 33 34 60 
0.74 0.8099999999999999 29 22 21 23 24 33 34 32 60 

29 61 1.932233
1.3900000000000003 0.03 29 22 21 23 24 33 32 60 61 
1.3900000000000003 1.11 29 22 21 23 24 33 34 60 61 
1.3900000000000003 0.7899999999999998 29 22 21 23 24 33 34 32 60 61 

29 62 1.949547
0.9800000000000002 0.04 29 22 21 23 24 33 32 60 63 62 
0.9800000000000002 1.12 29 22 21 23 24 33 34 60 63 62 
0.9800000000000002 0.7899999999999998 29 22 21 23 24 33 34 32 60 63 62 

29 63 1.949547
0.92 0.04 29 22 21 23 24 33 32 60 63 
0.92 1.12 29 22 21 23 24 33 34 60 63 
0.92 0.7899999999999998 29 22 21 23 24 33 34 32 60 63 

29 64 1.949547
1.03 0.04 29 22 21 23 24 33 32 60 63 65 64 
1.03 1.12 29 22 21 23 24 33 34 60 63 65 64 
1.03 0.7899999999999998 29 22 21 23 24 33 34 32 60 63 65 64 

29 65 1.949547
0.9500000000000002 0.04 29 22 21 23 24 33 32 60 63 65 
0.9500000000000002 1.12 29 22 21 23 24 33 34 60 63 65 
0.9500000000000002 0.7899999999999998 29 22 21 23 24 33 34 32 60 63 65 

29 66 1.949547
1.0400000000000003 0.04 29 22 21 23 24 33 32 60 63 65 66 
1.0400000000000003 1.12 29 22 21 23 24 33 34 60 63 65 66 
1.0400000000000003 0.7899999999999998 29 22 21 23 24 33 34 32 60 63 65 66 

29 67 1.959887
0.87 0.04 29 22 21 23 24 33 32 60 67 
0.87 1.13 29 22 21 23 24 33 34 60 67 
0.87 0.7899999999999999 29 22 21 23 24 33 34 32 60 67 

29 69 7.654282
0.9300000000000003 0.14 29 22 21 23 24 33 32 60 69 
0.9300000000000003 4.4 29 22 21 23 24 33 34 60 69 
0.9300000000000003 3.11 29 22 21 23 24 33 34 32 60 69 

30 23 658.05059
0.5667842869082897 213.47 30 31 23 
0.5667842869082897 443.65 30 20 21 23 
0.5667842869082897 0.9300000000000068 30 31 32 34 33 24 23 

30 24 658.05059
0.5546060329762177 360.95 30 31 32 34 33 24 
0.5546060329762177 295.84 30 31 32 33 24 
0.5546060329762177 0.3 30 31 23 24 
0.5546060329762177 0.61 30 20 21 23 24 
0.5546060329762177 0.35 30 31 32 33 27 26 24 

30 25 658.05059
0.5846060329762177 360.95 30 31 32 34 33 24 25 
0.5846060329762177 295.84 30 31 32 33 24 25 
0.5846060329762177 0.3 30 31 23 24 25 
0.5846060329762177 0.61 30 20 21 23 24 25 
0.5846060329762177 0.3499999999999909 30 31 32 33 27 26 24 25 

30 26 658.05059
0.5810246941721753 229.96 30 31 32 34 33 24 26 
0.5810246941721753 131.6 30 31 32 34 33 27 26 
0.5810246941721753 164.01000000000002 30 31 32 33 27 26 
0.5810246941721753 132.17999999999992 30 31 32 33 27 28 26 
0.5810246941721753 0.2999999999999545 30 31 23 24 26 

30 35 188.593258
0.3201431677183308 188.41 30 31 32 34 35 
0.3201431677183308 0.18000000000000682 30 31 32 33 34 35 

30 36 127.05706
0.41015347080119635 126.93 30 31 32 34 35 36 
0.41015347080119635 0.12999999999999545 30 31 32 33 34 35 36 

30 43 74.977687
0.6001400560224092 74.9 30 31 32 34 35 36 44 43 
0.6001400560224092 0.07 30 31 32 33 34 35 36 44 43 

30 44 74.977687
0.530140056022409 74.9 30 31 32 34 35 36 44 
0.530140056022409 0.07 30 31 32 33 34 35 36 44 

30 45 74.977687
0.6101400560224092 74.9 30 31 32 34 35 36 44 46 45 
0.6101400560224092 0.07 30 31 32 33 34 35 36 44 46 45 

30 46 74.977687
0.580140056022409 74.9 30 31 32 34 35 36 44 46 
0.580140056022409 0.07 30 31 32 33 34 35 36 44 46 

30 54 10.748869
0.740139534883721 10.74 30 31 32 34 35 36 44 46 54 
0.740139534883721 0.009999999999999787 30 31 32 33 34 35 36 44 46 54 

30 57 15.833958
0.5 15.83 30 60 59 57 

30 58 18.989162
0.38 18.96 30 20 58 
0.38 0.03 30 60 59 58 

30 59 15.424837
0.24 15.42 30 60 59 

30 60 15.424837
0.11 15.42 30 60 

30 61 12.182856
0.76 12.18 30 60 61 

30 62 12.688184
0.35 12.69 30 60 63 62 

30 63 12.688184
0.29 12.69 30 60 63 

30 64 12.688184
0.39999999999999997 12.69 30 60 63 65 64 

30 65 12.688184
0.31999999999999995 12.69 30 60 63 65 

30 66 12.688184
0.4099999999999999 12.69 30 60 63 65 66 

30 67 13.570124
0.24 13.57 30 60 67 

30 69 14.559331
0.3 14.56 30 60 69 

31 23 658.05059
0.5301314489780412 656.11 31 23 
0.5301314489780412 0.94 31 32 34 33 24 23 
0.5301314489780412 0.39 31 32 33 24 23 
0.5301314489780412 0.61 31 30 20 21 23 

31 24 658.05059
0.5245504141022719 361.56 31 32 34 33 24 
0.5245504141022719 295.84 31 32 33 24 
0.5245504141022719 0.3 31 23 24 
0.5245504141022719 0.35 31 32 33 27 26 24 

31 25 658.05059
0.554550414102272 361.56 31 32 34 33 24 25 
0.554550414102272 295.84 31 32 33 24 25 
0.554550414102272 0.3 31 23 24 25 
0.554550414102272 0.3499999999999773 31 32 33 27 26 24 25 

31 26 658.05059
0.5510246941721753 229.96 31 32 34 33 24 26 
0.5510246941721753 131.6 31 32 34 33 27 26 
0.5510246941721753 164.01000000000002 31 32 33 27 26 
0.5510246941721753 132.17999999999992 31 32 33 27 28 26 
0.5510246941721753 0.29999999999998295 31 23 24 26 

31 35 188.593258
0.2901431677183308 188.41 31 32 34 35 
0.2901431677183308 0.18000000000000682 31 32 33 34 35 

31 36 127.05706
0.3801534708011963 126.93 31 32 34 35 36 
0.3801534708011963 0.12999999999999545 31 32 33 34 35 36 

31 43 74.977687
0.5701400560224091 74.9 31 32 34 35 36 44 43 
0.5701400560224091 0.07 31 32 33 34 35 36 44 43 

31 44 74.977687
0.500140056022409 74.9 31 32 34 35 36 44 
0.500140056022409 0.07 31 32 33 34 35 36 44 

31 45 74.977687
0.580140056022409 74.9 31 32 34 35 36 44 46 45 
0.580140056022409 0.07 31 32 33 34 35 36 44 46 45 

31 46 74.977687
0.5501400560224091 74.9 31 32 34 35 36 44 46 
0.5501400560224091 0.07 31 32 33 34 35 36 44 46 

31 54 10.748869
0.710139534883721 10.74 31 32 34 35 36 44 46 54 
0.710139534883721 0.009999999999999787 31 32 33 34 35 36 44 46 54 

31 57 15.833958
0.53 15.83 31 30 60 59 57 

31 58 18.989162
0.41000000000000003 18.96 31 30 20 58 
0.41000000000000003 0.029999999999997584 31 30 60 59 58 

31 59 15.424837
0.27 15.42 31 30 60 59 

31 60 15.424837
0.14 15.42 31 30 60 

31 61 12.182856
0.79 12.18 31 30 60 61 

31 62 12.688184
0.38 12.69 31 30 60 63 62 

31 63 12.688184
0.32 12.69 31 30 60 63 

31 64 12.688184
0.43 12.69 31 30 60 63 65 64 

31 65 12.688184
0.35 12.69 31 30 60 63 65 

31 66 12.688184
0.43999999999999995 12.69 31 30 60 63 65 66 

31 67 13.570124
0.27 13.57 31 30 60 67 

31 69 14.559331
0.33 14.56 31 30 60 69 

32 23 658.05059
0.49453217840589603 361.56 32 34 33 24 23 
0.49453217840589603 296.14000000000004 32 33 24 23 
0.49453217840589603 0.34999999999990905 32 33 27 26 24 23 

32 24 658.05059
0.4545321784058962 361.56 32 34 33 24 
0.4545321784058962 296.14000000000004 32 33 24 
0.4545321784058962 0.3499999999999659 32 33 27 26 24 

32 25 658.05059
0.48453217840589624 361.56 32 34 33 24 25 
0.48453217840589624 296.14000000000004 32 33 24 25 
0.48453217840589624 0.34999999999990905 32 33 27 26 24 25 

32 26 658.05059
0.4810110173998936 229.96 32 34 33 24 26 
0.4810110173998936 131.6 32 34 33 27 26 
0.4810110173998936 164.01000000000002 32 33 27 26 
0.4810110173998936 132.48 32 33 27 28 26 

32 35 188.593258
0.22014316771833078 188.41 32 34 35 
0.22014316771833078 0.18000000000000682 32 33 34 35 

32 36 127.05706
0.31015347080119626 126.93 32 34 35 36 
0.31015347080119626 0.12999999999999545 32 33 34 35 36 

32 43 74.977687
0.500140056022409 74.9 32 34 35 36 44 43 
0.500140056022409 0.07 32 33 34 35 36 44 43 

32 44 74.977687
0.43014005602240896 74.9 32 34 35 36 44 
0.43014005602240896 0.07 32 33 34 35 36 44 

32 45 74.977687
0.510140056022409 74.9 32 34 35 36 44 46 45 
0.510140056022409 0.07 32 33 34 35 36 44 46 45 

32 46 74.977687
0.48014005602240895 74.9 32 34 35 36 44 46 
0.48014005602240895 0.07 32 33 34 35 36 44 46 

32 54 10.748869
0.640139534883721 10.74 32 34 35 36 44 46 54 
0.640139534883721 0.009999999999999787 32 33 34 35 36 44 46 54 

32 57 15.833958
0.5 15.83 32 60 59 57 

32 58 18.989162
0.38 18.99 32 60 59 58 

32 59 15.424837
0.24 15.42 32 60 59 

32 60 15.424837
0.11 15.42 32 60 

32 61 12.182856
0.76 12.18 32 60 61 

32 62 12.688184
0.35 12.69 32 60 63 62 

32 63 12.688184
0.29 12.69 32 60 63 

32 64 12.688184
0.39999999999999997 12.69 32 60 63 65 64 

32 65 12.688184
0.31999999999999995 12.69 32 60 63 65 

32 66 12.688184
0.4099999999999999 12.69 32 60 63 65 66 

32 67 13.570124
0.24 13.57 32 60 67 

32 69 14.559331
0.3 14.56 32 60 69 

33 23 658.05059
0.3300265937238811 657.7 33 24 23 
0.3300265937238811 0.34999999999990905 33 27 26 24 23 

33 24 658.05059
0.2900265937238811 657.7 33 24 
0.2900265937238811 0.35 33 27 26 24 

33 25 658.05059
0.3200265937238811 657.7 33 24 25 
0.3200265937238811 0.34999999999990905 33 27 26 24 25 

33 26 658.05059
0.3165054327178786 229.96 33 24 26 
0.3165054327178786 295.61 33 27 26 
0.3165054327178786 132.47999999999996 33 27 28 26 

33 35 188.593258
0.2 188.59 33 34 35 

33 36 127.05706
0.29000000000000004 127.06 33 34 35 36 

33 43 74.977687
0.48000000000000004 74.98 33 34 35 36 44 43 

33 44 74.977687
0.41000000000000003 74.98 33 34 35 36 44 

33 45 74.977687
0.49 74.98 33 34 35 36 44 46 45 

33 46 74.977687
0.46 74.98 33 34 35 36 44 46 

33 54 10.748869
0.62 10.75 33 34 35 36 44 46 54 

33 57 15.833958
0.6000000000000001 9.11 33 34 60 59 57 
0.6000000000000001 0.29 33 32 60 59 57 
0.6000000000000001 6.43 33 34 32 60 59 57 

33 58 18.989162
0.48 10.92 33 34 60 59 58 
0.48 0.34 33 32 60 59 58 
0.48 7.72 33 34 32 60 59 58 

33 59 15.424837
0.3400000000000001 8.87 33 34 60 59 
0.3400000000000001 0.28 33 32 60 59 
0.3400000000000001 6.27 33 34 32 60 59 

33 60 15.424837
0.21000000000000002 8.87 33 34 60 
0.21000000000000002 0.28 33 32 60 
0.21000000000000002 6.27 33 34 32 60 

33 61 12.182856
0.8600000000000002 7.01 33 34 60 61 
0.8600000000000002 0.22 33 32 60 61 
0.8600000000000002 4.95 33 34 32 60 61 

33 62 12.688184
0.45 7.3 33 34 60 63 62 
0.45 0.23 33 32 60 63 62 
0.45 5.159999999999999 33 34 32 60 63 62 

33 63 12.688184
0.38999999999999996 7.3 33 34 60 63 
0.38999999999999996 0.23 33 32 60 63 
0.38999999999999996 5.159999999999999 33 34 32 60 63 

33 64 12.688184
0.5 7.3 33 34 60 63 65 64 
0.5 0.23 33 32 60 63 65 64 
0.5 5.159999999999999 33 34 32 60 63 65 64 

33 65 12.688184
0.42000000000000004 7.3 33 34 60 63 65 
0.42000000000000004 0.23 33 32 60 63 65 
0.42000000000000004 5.159999999999999 33 34 32 60 63 65 

33 66 12.688184
0.51 7.3 33 34 60 63 65 66 
0.51 0.23 33 32 60 63 65 66 
0.51 5.159999999999999 33 34 32 60 63 65 66 

33 67 13.570124
0.3400000000000001 7.81 33 34 60 67 
0.3400000000000001 0.24 33 32 60 67 
0.3400000000000001 5.52 33 34 32 60 67 

33 69 14.559331
0.39999999999999997 8.38 33 34 60 69 
0.39999999999999997 0.26 33 32 60 69 
0.39999999999999997 5.92 33 34 32 60 69 

35 20 101.145694
0.44 101.15 35 34 32 31 30 20 

35 30 181.020679
0.25 181.02 35 34 32 31 30 

35 31 181.020679
0.22 181.02 35 34 32 31 

35 32 181.020679
0.16 181.02 35 34 32 

35 33 181.020679
0.20007181526903106 180.92 35 34 33 
0.20007181526903106 0.1 35 34 32 33 

35 36 383.046581
0.09 383.05 35 36 

35 42 107.989628
0.37 107.99 35 36 44 43 42 

35 43 121.2551
0.28 121.26 35 36 44 43 

35 44 121.2551
0.21 121.26 35 36 44 

35 45 121.2551
0.29000000000000004 121.26 35 36 44 46 45 

35 46 121.2551
0.26 121.26 35 36 44 46 

35 57 8.221421
0.66 4.75 35 34 60 59 57 
0.66 3.47 35 34 32 60 59 57 

35 58 9.727774
0.54 5.62 35 34 60 59 58 
0.54 4.11 35 34 32 60 59 58 

35 59 8.500181
0.4 4.91 35 34 60 59 
0.4 3.59 35 34 32 60 59 

35 60 8.500181
0.27 4.91 35 34 60 
0.27 3.59 35 34 32 60 

35 61 7.353849
0.9200000000000002 4.25 35 34 60 61 
0.9200000000000002 3.0999999999999996 35 34 32 60 61 

35 62 7.295317
0.51 4.22 35 34 60 63 62 
0.51 3.08 35 34 32 60 63 62 

35 63 7.295317
0.45 4.22 35 34 60 63 
0.45 3.08 35 34 32 60 63 

35 64 7.295317
0.5599999999999999 4.22 35 34 60 63 65 64 
0.5599999999999999 3.08 35 34 32 60 63 65 64 

35 65 7.295317
0.4799999999999999 4.22 35 34 60 63 65 
0.4799999999999999 3.08 35 34 32 60 63 65 

35 66 7.295317
0.57 4.22 35 34 60 63 65 66 
0.57 3.08 35 34 32 60 63 65 66 

36 1 76.614241
1.2200000000000002 76.61 36 35 34 32 31 30 20 10 11 8 6 3 1 

36 2 13.09929
1.1400000000000001 13.1 36 35 34 32 31 30 20 10 11 8 6 3 2 

36 3 12.974707
0.9800000000000001 12.97 36 35 34 32 31 30 20 10 11 8 6 3 

36 12 14.326261
1.1800000000000002 14.33 36 44 43 42 38 39 40 41 29 22 14 13 9 12 

36 20 7.846065
0.54 7.85 36 35 34 32 31 30 20 

36 30 8.114739
0.35 8.11 36 35 34 32 31 30 

36 31 8.114739
0.32 8.11 36 35 34 32 31 

36 32 8.114739
0.26 8.11 36 35 34 32 

36 33 8.114739
0.30000000000000004 8.11 36 35 34 33 

36 35 8.45922
0.1 8.46 36 35 

36 42 127.932872
0.28 127.93 36 44 43 42 

36 43 162.812439
0.19 162.81 36 44 43 

36 44 162.812439
0.12 162.81 36 44 

36 45 162.812439
0.19999999999999998 162.81 36 44 46 45 

36 46 162.812439
0.16999999999999998 162.81 36 44 46 

37 1 0.590858
0.95 0.59 37 38 39 40 41 29 22 14 13 7 1 

37 2 15.837108
0.9 15.84 37 38 39 40 41 29 22 16 8 6 3 2 

37 3 15.662349
0.74 15.66 37 38 39 40 41 29 22 16 8 6 3 

37 6 21.83349
0.63 21.83 37 38 39 40 41 29 22 16 8 6 

37 10 22.518272
0.5 22.52 37 28 26 24 23 21 18 10 

37 13 14.567283
0.64 14.57 37 38 39 40 41 29 22 14 13 

37 14 14.567283
0.51 14.57 37 38 39 40 41 29 22 14 

37 22 24.745023
0.36 24.75 37 38 39 40 41 29 22 

37 29 498.945235
0.26 498.95 37 38 39 40 41 29 

37 35 6.96326
0.5 6.96 37 38 42 43 44 36 35 

37 36 46.213419
0.4 46.21 37 38 42 43 44 36 

37 42 146.899241
0.14 146.9 37 38 42 

37 54 104.125219
0.41000000000000003 104.13 37 38 42 45 46 54 

37 57 5.217101
0.9 5.22 37 28 26 24 23 21 20 58 57 

37 59 5.028408
0.7100000000000001 0.09 37 28 26 24 33 32 60 59 
0.7100000000000001 2.05 37 28 26 24 33 34 32 60 59 
0.7100000000000001 2.89 37 28 26 24 33 34 60 59 

37 60 5.028408
0.5800000000000001 0.09 37 28 26 24 33 32 60 
0.5800000000000001 2.05 37 28 26 24 33 34 32 60 
0.5800000000000001 2.89 37 28 26 24 33 34 60 

37 61 4.613064
1.23 0.08 37 28 26 24 33 32 60 61 
1.23 1.88 37 28 26 24 33 34 32 60 61 
1.23 2.65 37 28 26 24 33 34 60 61 

37 62 4.787765
0.8200000000000002 0.09 37 28 26 24 33 32 60 63 62 
0.8200000000000002 1.9399999999999997 37 28 26 24 33 34 32 60 63 62 
0.8200000000000002 2.75 37 28 26 24 33 34 60 63 62 

37 63 4.787765
0.76 0.09 37 28 26 24 33 32 60 63 
0.76 1.9399999999999997 37 28 26 24 33 34 32 60 63 
0.76 2.75 37 28 26 24 33 34 60 63 

37 64 4.787765
0.8700000000000001 0.09 37 28 26 24 33 32 60 63 65 64 
0.8700000000000001 1.9399999999999997 37 28 26 24 33 34 32 60 63 65 64 
0.8700000000000001 2.75 37 28 26 24 33 34 60 63 65 64 

37 65 4.787765
0.7900000000000001 0.09 37 28 26 24 33 32 60 63 65 
0.7900000000000001 1.9399999999999997 37 28 26 24 33 34 32 60 63 65 
0.7900000000000001 2.75 37 28 26 24 33 34 60 63 65 

37 66 4.787765
0.88 0.09 37 28 26 24 33 32 60 63 65 66 
0.88 1.9399999999999997 37 28 26 24 33 34 32 60 63 65 66 
0.88 2.75 37 28 26 24 33 34 60 63 65 66 

37 67 4.906394
0.71 0.09 37 28 26 24 33 32 60 67 
0.71 1.99 37 28 26 24 33 34 32 60 67 
0.71 2.82 37 28 26 24 33 34 60 67 

38 1 0.590858
0.9 0.59 38 39 40 41 29 22 14 13 7 1 

38 2 15.837108
0.8500000000000001 15.84 38 39 40 41 29 22 16 8 6 3 2 

38 3 15.662349
0.6900000000000001 15.66 38 39 40 41 29 22 16 8 6 3 

38 6 21.83349
0.5800000000000001 21.83 38 39 40 41 29 22 16 8 6 

38 10 22.518272
0.5499999999999999 22.52 38 37 28 26 24 23 21 18 10 

38 13 14.567283
0.5900000000000001 14.57 38 39 40 41 29 22 14 13 

38 14 14.567283
0.4600000000000001 14.57 38 39 40 41 29 22 14 

38 22 24.745023
0.31000000000000005 24.75 38 39 40 41 29 22 

38 29 498.945235
0.21000000000000002 498.95 38 39 40 41 29 

38 35 6.96326
0.44999999999999996 6.96 38 42 43 44 36 35 

38 36 46.213419
0.35 46.21 38 42 43 44 36 

38 42 146.899241
0.09 146.9 38 42 

38 54 104.125219
0.36 104.13 38 42 45 46 54 

38 57 5.217101
0.9500000000000001 5.22 38 37 28 26 24 23 21 20 58 57 

38 59 5.028408
0.7599999999999999 2.89 38 37 28 26 24 33 34 60 59 
0.7599999999999999 0.09 38 37 28 26 24 33 32 60 59 
0.7599999999999999 2.05 38 37 28 26 24 33 34 32 60 59 

38 60 5.028408
0.63 2.89 38 37 28 26 24 33 34 60 
0.63 0.09 38 37 28 26 24 33 32 60 
0.63 2.05 38 37 28 26 24 33 34 32 60 

38 61 4.613064
1.2799999999999998 2.65 38 37 28 26 24 33 34 60 61 
1.2799999999999998 0.08 38 37 28 26 24 33 32 60 61 
1.2799999999999998 1.88 38 37 28 26 24 33 34 32 60 61 

38 62 4.787765
0.8699999999999999 2.75 38 37 28 26 24 33 34 60 63 62 
0.8699999999999999 0.09 38 37 28 26 24 33 32 60 63 62 
0.8699999999999999 1.9399999999999997 38 37 28 26 24 33 34 32 60 63 62 

38 63 4.787765
0.8099999999999999 2.75 38 37 28 26 24 33 34 60 63 
0.8099999999999999 0.09 38 37 28 26 24 33 32 60 63 
0.8099999999999999 1.9399999999999997 38 37 28 26 24 33 34 32 60 63 

38 64 4.787765
0.9199999999999999 2.75 38 37 28 26 24 33 34 60 63 65 64 
0.9199999999999999 0.09 38 37 28 26 24 33 32 60 63 65 64 
0.9199999999999999 1.9399999999999997 38 37 28 26 24 33 34 32 60 63 65 64 

38 65 4.787765
0.84 2.75 38 37 28 26 24 33 34 60 63 65 
0.84 0.09 38 37 28 26 24 33 32 60 63 65 
0.84 1.9399999999999997 38 37 28 26 24 33 34 32 60 63 65 

38 66 4.787765
0.9299999999999999 2.75 38 37 28 26 24 33 34 60 63 65 66 
0.9299999999999999 0.09 38 37 28 26 24 33 32 60 63 65 66 
0.9299999999999999 1.9399999999999997 38 37 28 26 24 33 34 32 60 63 65 66 

38 67 4.906394
0.7599999999999999 2.82 38 37 28 26 24 33 34 60 67 
0.7599999999999999 0.09 38 37 28 26 24 33 32 60 67 
0.7599999999999999 1.99 38 37 28 26 24 33 34 32 60 67 

39 1 0.590858
0.85 0.59 39 40 41 29 22 14 13 7 1 

39 2 15.837108
0.8 15.84 39 40 41 29 22 16 8 6 3 2 

39 3 15.662349
0.64 15.66 39 40 41 29 22 16 8 6 3 

39 6 21.83349
0.53 21.83 39 40 41 29 22 16 8 6 

39 10 22.518272
0.59 22.52 39 40 41 29 22 16 19 18 10 

39 13 14.567283
0.54 14.57 39 40 41 29 22 14 13 

39 14 14.567283
0.41000000000000003 14.57 39 40 41 29 22 14 

39 22 24.745023
0.26 24.75 39 40 41 29 22 

39 29 498.945235
0.16 498.95 39 40 41 29 

39 35 6.96326
0.5 6.96 39 38 42 43 44 36 35 

39 36 46.213419
0.4 46.21 39 38 42 43 44 36 

39 42 146.899241
0.14 146.9 39 38 42 

39 54 104.125219
0.41000000000000003 104.13 39 38 42 45 46 54 

39 57 5.217101
1.0 5.22 39 40 41 29 22 21 20 58 57 

39 59 5.028408
0.8100000000000003 0.09 39 38 37 28 26 24 33 32 60 59 
0.8100000000000003 2.89 39 38 37 28 26 24 33 34 60 59 
0.8100000000000003 2.05 39 38 37 28 26 24 33 34 32 60 59 

39 60 5.028408
0.68 0.09 39 38 37 28 26 24 33 32 60 
0.68 2.89 39 38 37 28 26 24 33 34 60 
0.68 2.05 39 38 37 28 26 24 33 34 32 60 

39 61 4.613064
1.33 0.08 39 38 37 28 26 24 33 32 60 61 
1.33 2.65 39 38 37 28 26 24 33 34 60 61 
1.33 1.88 39 38 37 28 26 24 33 34 32 60 61 

39 62 4.787765
0.92 0.09 39 38 37 28 26 24 33 32 60 63 62 
0.92 2.75 39 38 37 28 26 24 33 34 60 63 62 
0.92 1.9399999999999997 39 38 37 28 26 24 33 34 32 60 63 62 

39 63 4.787765
0.8600000000000002 0.09 39 38 37 28 26 24 33 32 60 63 
0.8600000000000002 2.75 39 38 37 28 26 24 33 34 60 63 
0.8600000000000002 1.9399999999999997 39 38 37 28 26 24 33 34 32 60 63 

39 64 4.787765
0.9700000000000002 0.09 39 38 37 28 26 24 33 32 60 63 65 64 
0.9700000000000002 2.75 39 38 37 28 26 24 33 34 60 63 65 64 
0.9700000000000002 1.9399999999999997 39 38 37 28 26 24 33 34 32 60 63 65 64 

39 65 4.787765
0.8900000000000001 0.09 39 38 37 28 26 24 33 32 60 63 65 
0.8900000000000001 2.75 39 38 37 28 26 24 33 34 60 63 65 
0.8900000000000001 1.9399999999999997 39 38 37 28 26 24 33 34 32 60 63 65 

39 66 4.787765
0.9800000000000002 0.09 39 38 37 28 26 24 33 32 60 63 65 66 
0.9800000000000002 2.75 39 38 37 28 26 24 33 34 60 63 65 66 
0.9800000000000002 1.9399999999999997 39 38 37 28 26 24 33 34 32 60 63 65 66 

39 67 4.906394
0.8100000000000002 0.09 39 38 37 28 26 24 33 32 60 67 
0.8100000000000002 2.82 39 38 37 28 26 24 33 34 60 67 
0.8100000000000002 1.99 39 38 37 28 26 24 33 34 32 60 67 

40 1 0.590858
0.83 0.59 40 41 29 22 14 13 7 1 

40 2 15.837108
0.78 15.84 40 41 29 22 16 8 6 3 2 

40 3 15.662349
0.62 15.66 40 41 29 22 16 8 6 3 

40 6 21.83349
0.51 21.83 40 41 29 22 16 8 6 

40 10 22.518272
0.5700000000000001 22.52 40 41 29 22 16 19 18 10 

40 13 14.567283
0.52 14.57 40 41 29 22 14 13 

40 14 14.567283
0.39 14.57 40 41 29 22 14 

40 22 24.745023
0.24000000000000002 24.75 40 41 29 22 

40 29 498.945235
0.14 498.95 40 41 29 

40 35 6.96326
0.52 6.96 40 39 38 42 43 44 36 35 

40 36 46.213419
0.42 46.21 40 39 38 42 43 44 36 

40 42 146.899241
0.16 146.9 40 39 38 42 

40 54 104.125219
0.43000000000000005 104.13 40 39 38 42 45 46 54 

40 57 5.217101
0.9800000000000001 5.22 40 41 29 22 21 20 58 57 

40 59 5.028408
0.8300000000000001 0.09 40 39 38 37 28 26 24 33 32 60 59 
0.8300000000000001 2.89 40 39 38 37 28 26 24 33 34 60 59 
0.8300000000000001 2.05 40 39 38 37 28 26 24 33 34 32 60 59 

40 60 5.028408
0.7000000000000002 0.09 40 39 38 37 28 26 24 33 32 60 
0.7000000000000002 2.89 40 39 38 37 28 26 24 33 34 60 
0.7000000000000002 2.05 40 39 38 37 28 26 24 33 34 32 60 

40 61 4.613064
1.35 0.08 40 39 38 37 28 26 24 33 32 60 61 
1.35 2.65 40 39 38 37 28 26 24 33 34 60 61 
1.35 1.88 40 39 38 37 28 26 24 33 34 32 60 61 

40 62 4.787765
0.9400000000000003 0.09 40 39 38 37 28 26 24 33 32 60 63 62 
0.9400000000000003 2.75 40 39 38 37 28 26 24 33 34 60 63 62 
0.9400000000000003 1.9399999999999997 40 39 38 37 28 26 24 33 34 32 60 63 62 

40 63 4.787765
0.8800000000000002 0.09 40 39 38 37 28 26 24 33 32 60 63 
0.8800000000000002 2.75 40 39 38 37 28 26 24 33 34 60 63 
0.8800000000000002 1.9399999999999997 40 39 38 37 28 26 24 33 34 32 60 63 

40 64 4.787765
0.9900000000000002 0.09 40 39 38 37 28 26 24 33 32 60 63 65 64 
0.9900000000000002 2.75 40 39 38 37 28 26 24 33 34 60 63 65 64 
0.9900000000000002 1.9399999999999997 40 39 38 37 28 26 24 33 34 32 60 63 65 64 

40 65 4.787765
0.9100000000000001 0.09 40 39 38 37 28 26 24 33 32 60 63 65 
0.9100000000000001 2.75 40 39 38 37 28 26 24 33 34 60 63 65 
0.9100000000000001 1.9399999999999997 40 39 38 37 28 26 24 33 34 32 60 63 65 

40 66 4.787765
1.0000000000000002 0.09 40 39 38 37 28 26 24 33 32 60 63 65 66 
1.0000000000000002 2.75 40 39 38 37 28 26 24 33 34 60 63 65 66 
1.0000000000000002 1.9399999999999997 40 39 38 37 28 26 24 33 34 32 60 63 65 66 

40 67 4.906394
0.8300000000000001 0.09 40 39 38 37 28 26 24 33 32 60 67 
0.8300000000000001 2.82 40 39 38 37 28 26 24 33 34 60 67 
0.8300000000000001 1.99 40 39 38 37 28 26 24 33 34 32 60 67 

42 1 0.496327
1.0 0.5 42 38 39 40 41 29 22 14 13 7 1 

42 2 2.416144
0.9500000000000001 2.42 42 38 39 40 41 29 22 16 8 6 3 2 

42 3 2.412158
0.79 2.41 42 38 39 40 41 29 22 16 8 6 3 

42 6 2.428495
0.68 2.43 42 38 39 40 41 29 22 16 8 6 

42 13 2.373871
0.6900000000000001 2.37 42 38 39 40 41 29 22 14 13 

42 14 2.373871
0.56 2.37 42 38 39 40 41 29 22 14 

42 22 2.437443
0.41000000000000003 2.44 42 38 39 40 41 29 22 

42 23 275.055078
0.35000000000000003 275.06 42 38 37 28 26 24 23 

42 24 275.055078
0.31000000000000005 275.06 42 38 37 28 26 24 

42 25 275.055078
0.3400000000000001 275.06 42 38 37 28 26 24 25 

42 26 275.055078
0.29000000000000004 275.06 42 38 37 28 26 

42 35 7.339751
0.36 7.34 42 43 44 36 35 

42 36 69.17995
0.26 69.18 42 43 44 36 

42 48 295.103713
0.32999999999999996 295.1 42 45 46 47 74 48 

42 53 20.649333
0.47000000000000003 20.65 42 45 46 54 53 

42 54 347.505229
0.27 347.51 42 45 46 54 

43 30 7.423145
0.53 7.42 43 44 36 35 34 32 31 30 

43 31 7.423145
0.5 7.42 43 44 36 35 34 32 31 

43 32 7.423145
0.44000000000000006 7.42 43 44 36 35 34 32 

43 33 7.423145
0.48000000000000004 7.42 43 44 36 35 34 33 

43 35 7.772933
0.28 7.77 43 44 36 35 

43 36 85.28845
0.18 85.29 43 44 36 

43 48 495.813688
0.33999999999999997 495.81 43 44 46 47 74 48 

44 30 7.423145
0.45999999999999996 7.42 44 36 35 34 32 31 30 

44 31 7.423145
0.43 7.42 44 36 35 34 32 31 

44 32 7.423145
0.37 7.42 44 36 35 34 32 

44 33 7.423145
0.41000000000000003 7.42 44 36 35 34 33 

44 35 7.772933
0.21000000000000002 7.77 44 36 35 

44 36 85.28845
0.11 85.29 44 36 

44 48 495.813688
0.27 495.81 44 46 47 74 48 

45 30 7.423145
0.54 7.42 45 46 44 36 35 34 32 31 30 

45 31 7.423145
0.51 7.42 45 46 44 36 35 34 32 31 

45 32 7.423145
0.45000000000000007 7.42 45 46 44 36 35 34 32 

45 33 7.423145
0.49000000000000005 7.42 45 46 44 36 35 34 33 

45 35 7.772933
0.29000000000000004 7.77 45 46 44 36 35 

45 36 85.28845
0.19 85.29 45 46 44 36 

45 48 495.813688
0.25 495.81 45 46 47 74 48 

46 30 7.423145
0.51 7.42 46 44 36 35 34 32 31 30 

46 31 7.423145
0.48000000000000004 7.42 46 44 36 35 34 32 31 

46 32 7.423145
0.42000000000000004 7.42 46 44 36 35 34 32 

46 33 7.423145
0.46 7.42 46 44 36 35 34 33 

46 35 7.772933
0.26 7.77 46 44 36 35 

46 36 85.28845
0.16 85.29 46 44 36 

46 48 495.813688
0.22 495.81 46 47 74 48 

48 1 0.544804
1.11 0.54 48 39 40 41 29 22 14 13 7 1 

48 2 4.766722
1.06 4.77 48 39 40 41 29 22 16 8 6 3 2 

48 3 4.742102
0.9 4.74 48 39 40 41 29 22 16 8 6 3 

48 6 5.201306
0.79 5.2 48 39 40 41 29 22 16 8 6 

48 10 5.264023
0.8500000000000002 5.26 48 39 40 41 29 22 16 19 18 10 

48 13 4.697908
0.8 4.7 48 39 40 41 29 22 14 13 

48 14 4.697908
0.67 4.7 48 39 40 41 29 22 14 

48 20 4.837528
0.91 4.84 48 39 40 41 29 22 21 20 

48 21 5.288314
0.63 5.29 48 39 40 41 29 22 21 

48 22 5.401379
0.52 5.4 48 39 40 41 29 22 

48 23 103.15795
0.56 103.16 48 39 38 37 28 26 24 23 

48 24 103.15795
0.52 103.16 48 39 38 37 28 26 24 

48 25 103.15795
0.55 103.16 48 39 38 37 28 26 24 25 

48 26 103.15795
0.5 103.16 48 39 38 37 28 26 

48 42 149.787104
0.35 149.79 48 74 47 46 45 42 

48 49 38.749915
0.25 38.75 48 49 

48 50 60.560394
0.44 60.56 48 49 50 

48 51 60.560394
0.45999999999999996 60.56 48 52 51 

48 52 6.464663
0.25 6.46 48 52 

48 53 6.447164
0.2 6.45 48 53 

48 54 465.407703
0.36 465.41 48 54 

49 1 0.571588
1.35 0.57 49 48 39 40 41 29 22 14 13 7 1 

49 2 7.606273
1.3 7.61 49 48 39 40 41 29 22 16 8 6 3 2 

49 3 7.583014
1.1400000000000001 7.58 49 48 39 40 41 29 22 16 8 6 3 

49 6 8.7594
1.03 8.76 49 48 39 40 41 29 22 16 8 6 

49 10 8.940253
1.09 8.94 49 48 39 40 41 29 22 16 19 18 10 

49 13 7.340665
1.04 7.34 49 48 39 40 41 29 22 14 13 

49 14 7.340665
0.91 7.34 49 48 39 40 41 29 22 14 

49 20 7.855097
1.15 7.86 49 48 39 40 41 29 22 21 20 

49 21 8.940739
0.87 8.94 49 48 39 40 41 29 22 21 

49 22 9.258434
0.76 9.26 49 48 39 40 41 29 22 

49 29 14.551527
0.66 14.55 49 48 39 40 41 29 

49 48 34.795661
0.24 34.8 49 48 

49 50 55.381488
0.19 55.38 49 50 

49 51 55.381488
0.48 55.38 49 50 51 

49 52 5.497575
0.49 5.5 49 48 52 

49 53 5.458531
0.44 5.46 49 48 53 

49 54 32.645398
0.6 32.65 49 48 54 

50 1 0.579193
1.54 0.58 50 49 48 39 40 41 29 22 14 13 7 1 

50 2 9.282696
1.49 9.28 50 49 48 39 40 41 29 22 16 8 6 3 2 

50 3 9.27495
1.33 9.27 50 49 48 39 40 41 29 22 16 8 6 3 

50 6 11.092619
1.22 11.09 50 49 48 39 40 41 29 22 16 8 6 

50 10 11.349321
1.28 11.35 50 49 48 39 40 41 29 22 16 19 18 10 

50 13 8.88281
1.23 8.88 50 49 48 39 40 41 29 22 14 13 

50 14 8.88281
1.0999999999999999 8.88 50 49 48 39 40 41 29 22 14 

50 20 9.683341
1.34 9.68 50 49 48 39 40 41 29 22 21 20 

50 21 11.333564
1.06 11.33 50 49 48 39 40 41 29 22 21 

50 22 11.832665
0.95 11.83 50 49 48 39 40 41 29 22 

50 29 22.049089
0.85 22.05 50 49 48 39 40 41 29 

50 48 225.872637
0.43 225.87 50 49 48 

50 49 11.520449
0.19 11.52 50 49 

50 52 388.124058
0.51 388.12 50 51 52 

50 53 69.876441
0.63 69.88 50 51 52 53 

50 54 31.992984
0.79 31.99 50 49 48 54 

50 57 121.442833
1.58 70.17 50 49 48 74 47 46 44 36 35 34 60 59 57 
1.58 51.269999999999996 50 49 48 74 47 46 44 36 35 34 32 60 59 57 

51 1 0.579193
1.5699999999999998 0.58 51 52 48 39 40 41 29 22 14 13 7 1 

51 2 9.282696
1.52 9.28 51 52 48 39 40 41 29 22 16 8 6 3 2 

51 3 9.27495
1.36 9.27 51 52 48 39 40 41 29 22 16 8 6 3 

51 6 11.092619
1.25 11.09 51 52 48 39 40 41 29 22 16 8 6 

51 10 11.349321
1.31 11.35 51 52 48 39 40 41 29 22 16 19 18 10 

51 13 8.88281
1.2599999999999998 8.88 51 52 48 39 40 41 29 22 14 13 

51 14 8.88281
1.13 8.88 51 52 48 39 40 41 29 22 14 

51 20 9.683341
1.37 9.68 51 52 48 39 40 41 29 22 21 20 

51 21 11.333564
1.09 11.33 51 52 48 39 40 41 29 22 21 

51 22 11.832665
0.98 11.83 51 52 48 39 40 41 29 22 

51 29 22.049089
0.88 22.05 51 52 48 39 40 41 29 

51 48 225.872637
0.45999999999999996 225.87 51 52 48 

51 49 11.520449
0.48 11.52 51 50 49 

51 52 388.124058
0.22 388.12 51 52 

51 53 69.876441
0.33999999999999997 69.88 51 52 53 

51 54 31.992984
0.54 31.99 51 52 53 54 

51 57 121.442833
1.6099999999999999 70.17 51 52 48 74 47 46 44 36 35 34 60 59 57 
1.6099999999999999 51.269999999999996 51 52 48 74 47 46 44 36 35 34 32 60 59 57 

52 1 0.544491
1.35 0.54 52 48 39 40 41 29 22 14 13 7 1 

52 2 4.633824
1.3 4.63 52 48 39 40 41 29 22 16 8 6 3 2 

52 3 4.613355
1.1400000000000001 4.61 52 48 39 40 41 29 22 16 8 6 3 

52 6 5.058002
1.03 5.06 52 48 39 40 41 29 22 16 8 6 

52 10 5.102921
1.09 5.1 52 48 39 40 41 29 22 16 19 18 10 

52 13 4.553321
1.04 4.55 52 48 39 40 41 29 22 14 13 

52 14 4.553321
0.91 4.55 52 48 39 40 41 29 22 14 

52 20 4.692664
1.15 4.69 52 48 39 40 41 29 22 21 20 

52 21 5.19048
0.87 5.19 52 48 39 40 41 29 22 21 

52 22 5.196287
0.76 5.2 52 48 39 40 41 29 22 

52 30 5.700315
0.98 5.7 52 48 74 47 46 44 36 35 34 32 31 30 

52 31 5.700315
0.95 5.7 52 48 74 47 46 44 36 35 34 32 31 

52 32 5.700315
0.89 5.7 52 48 74 47 46 44 36 35 34 32 

52 33 5.700315
0.9299999999999999 5.7 52 48 74 47 46 44 36 35 34 33 

52 35 5.900486
0.73 5.9 52 48 74 47 46 44 36 35 

52 36 19.065057
0.63 19.07 52 48 74 47 46 44 36 

52 48 181.068397
0.24 181.07 52 48 

52 49 31.554972
0.49 31.55 52 48 49 

52 50 88.038327
0.5 88.04 52 51 50 

52 51 88.038327
0.21 88.04 52 51 

52 53 84.28561
0.12 84.29 52 53 

52 54 34.681336
0.32 34.68 52 53 54 

53 1 0.546041
1.31 0.55 53 48 39 40 41 29 22 14 13 7 1 

53 2 4.662076
1.26 4.66 53 48 39 40 41 29 22 16 8 6 3 2 

53 3 4.645671
1.1 4.65 53 48 39 40 41 29 22 16 8 6 3 

53 6 5.052007
0.99 5.05 53 48 39 40 41 29 22 16 8 6 

53 10 5.109795
1.05 5.11 53 48 39 40 41 29 22 16 19 18 10 

53 13 4.560125
1.0 4.56 53 48 39 40 41 29 22 14 13 

53 14 4.560125
0.87 4.56 53 48 39 40 41 29 22 14 

53 20 4.710273
1.05 4.71 53 54 46 44 36 35 34 32 31 30 20 

53 21 5.093015
0.83 5.09 53 48 39 40 41 29 22 21 

53 22 5.207074
0.72 5.21 53 48 39 40 41 29 22 

53 30 6.125598
0.8600000000000001 6.13 53 54 46 44 36 35 34 32 31 30 

53 31 6.125598
0.8300000000000001 6.13 53 54 46 44 36 35 34 32 31 

53 32 6.125598
0.77 6.13 53 54 46 44 36 35 34 32 

53 33 6.125598
0.81 6.12 53 54 46 44 36 35 34 33 
0.81 0.0 53 54 46 44 36 35 34 32 33 

53 35 6.348829
0.61 6.35 53 54 46 44 36 35 

53 36 24.483848
0.51 24.48 53 54 46 44 36 

53 42 15.686674
0.47 15.69 53 54 46 45 42 

53 43 33.906862
0.47 33.91 53 54 46 44 43 

53 44 33.906862
0.39999999999999997 33.91 53 54 46 44 

53 45 33.906862
0.38 33.91 53 54 46 45 

53 46 33.906862
0.35 33.91 53 54 46 

53 48 168.926402
0.2 168.93 53 48 

53 49 31.400682
0.45 31.4 53 48 49 

53 50 63.973167
0.6199999999999999 63.97 53 52 51 50 

53 51 63.973167
0.32999999999999996 63.97 53 52 51 

53 52 234.005453
0.12 234.01 53 52 

53 54 56.171572
0.2 56.17 53 54 

54 1 0.529152
1.27 0.53 54 46 45 42 38 39 40 41 29 22 14 13 7 1 

54 3 1.904684
1.06 1.9 54 46 45 42 38 39 40 41 29 22 16 8 6 3 

54 6 3.592571
0.95 3.59 54 46 45 42 38 39 40 41 29 22 16 8 6 

54 13 4.757789
0.96 4.76 54 46 45 42 38 39 40 41 29 22 14 13 

54 14 4.757789
0.83 4.76 54 46 45 42 38 39 40 41 29 22 14 

54 20 4.932186
0.8500000000000001 4.93 54 46 44 36 35 34 32 31 30 20 

54 21 0.959323
0.6900000000000002 0.96 54 46 45 42 38 37 28 26 24 23 21 

54 22 5.467891
0.6799999999999999 5.47 54 46 45 42 38 39 40 41 29 22 

54 23 9.224858
0.6200000000000001 9.22 54 46 45 42 38 37 28 26 24 23 

54 24 9.224858
0.5800000000000001 9.22 54 46 45 42 38 37 28 26 24 

54 25 9.224858
0.6100000000000001 9.22 54 46 45 42 38 37 28 26 24 25 

54 26 9.224858
0.56 9.22 54 46 45 42 38 37 28 26 

54 30 9.646155
0.6600000000000001 9.65 54 46 44 36 35 34 32 31 30 

54 31 9.646155
0.6300000000000001 9.65 54 46 44 36 35 34 32 31 

54 32 9.646155
0.5700000000000001 9.65 54 46 44 36 35 34 32 

54 33 9.646155
0.6101347150259069 9.64 54 46 44 36 35 34 33 
0.6101347150259069 0.009999999999999787 54 46 44 36 35 34 32 33 

54 36 41.941758
0.31 41.94 54 46 44 36 

54 42 21.310982
0.27 21.31 54 46 45 42 

54 43 80.459532
0.27 80.46 54 46 44 43 

54 44 80.459532
0.2 80.46 54 46 44 

54 45 80.459532
0.18 80.46 54 46 45 

54 46 80.459532
0.15 80.46 54 46 

54 48 187.877796
0.36 187.88 54 48 

54 49 32.255685
0.61 32.26 54 48 49 

54 50 16.518454
0.8 16.52 54 48 49 50 

54 51 16.518454
0.53 16.52 54 53 52 51 

54 52 19.659907
0.32 19.66 54 53 52 

54 53 21.569117
0.2 21.57 54 53 

54 57 9.348803
1.07 5.4 54 46 44 36 35 34 60 59 57 
1.07 3.9499999999999993 54 46 44 36 35 34 32 60 59 57 

54 58 10.843154
0.9500000000000002 6.27 54 46 44 36 35 34 60 59 58 
0.9500000000000002 4.57 54 46 44 36 35 34 32 60 59 58 

54 59 10.099291
0.8100000000000002 5.84 54 46 44 36 35 34 60 59 
0.8100000000000002 4.26 54 46 44 36 35 34 32 60 59 

54 60 10.099291
0.68 5.84 54 46 44 36 35 34 60 
0.68 4.26 54 46 44 36 35 34 32 60 

54 61 8.493613
1.33 4.91 54 46 44 36 35 34 60 61 
1.33 3.58 54 46 44 36 35 34 32 60 61 

54 62 8.54667
0.92 4.94 54 46 44 36 35 34 60 63 62 
0.92 3.61 54 46 44 36 35 34 32 60 63 62 

54 63 8.54667
0.8600000000000001 4.94 54 46 44 36 35 34 60 63 
0.8600000000000001 3.61 54 46 44 36 35 34 32 60 63 

54 64 8.54667
0.9700000000000001 4.94 54 46 44 36 35 34 60 63 65 64 
0.9700000000000001 3.61 54 46 44 36 35 34 32 60 63 65 64 

54 65 8.54667
0.8900000000000001 4.94 54 46 44 36 35 34 60 63 65 
0.8900000000000001 3.61 54 46 44 36 35 34 32 60 63 65 

54 66 8.54667
0.9800000000000001 4.94 54 46 44 36 35 34 60 63 65 66 
0.9800000000000001 3.61 54 46 44 36 35 34 32 60 63 65 66 

54 67 42.247234
0.81 24.41 54 46 44 36 35 34 60 67 
0.81 17.84 54 46 44 36 35 34 32 60 67 

54 69 562.289671
0.76 562.29 54 46 44 36 71 69 

55 12 136.826753
1.3600000000000003 136.83 55 57 58 20 10 11 8 6 13 9 12 

56 12 136.826753
1.33 136.83 56 57 58 20 10 11 8 6 13 9 12 

57 23 27.201724
0.73 27.2 57 58 20 21 23 

57 24 27.201724
0.77 27.2 57 58 20 21 23 24 

57 25 27.201724
0.8 27.2 57 58 20 21 23 24 25 

57 26 27.201724
0.79 27.2 57 58 20 21 23 24 26 

57 30 31.207997
0.5400256328099969 31.13 57 58 20 30 
0.5400256328099969 0.08 57 59 60 30 

57 31 31.207997
0.5700256328099969 31.13 57 58 20 30 31 
0.5700256328099969 0.08 57 59 60 30 31 

57 32 31.207997
0.5400192246074975 31.19 57 59 60 32 
0.5400192246074975 0.019999999999999574 57 59 72 60 32 

57 33 31.207997
0.7071121794871793 9.04 57 59 60 32 34 33 
0.7071121794871793 8.1 57 59 60 34 33 
0.7071121794871793 14.050000000000002 57 59 60 32 33 
0.7071121794871793 0.00999999999999801 57 59 72 60 32 33 

57 35 9.65516
0.7671325051759834 2.8 57 59 60 32 34 35 
0.7671325051759834 6.8500000000000005 57 59 60 34 35 
0.7671325051759834 0.009999999999999787 57 59 72 60 34 35 

57 50 157.185283
1.6871122280188318 45.55 57 59 60 32 34 35 36 44 46 47 74 48 49 50 
1.6871122280188318 111.55 57 59 60 34 35 36 44 46 47 74 48 49 50 
1.6871122280188318 0.08 57 58 20 21 22 29 41 40 39 48 49 50 

57 51 157.185283
1.707112228018832 45.55 57 59 60 32 34 35 36 44 46 47 74 48 52 51 
1.707112228018832 111.55 57 59 60 34 35 36 44 46 47 74 48 52 51 
1.707112228018832 0.08 57 58 20 21 22 29 41 40 39 48 52 51 

57 54 16.79222
1.1871173317450863 4.87 57 59 60 32 34 35 36 44 46 54 
1.1871173317450863 11.91 57 59 60 34 35 36 44 46 54 
1.1871173317450863 0.00999999999999801 57 59 72 60 34 35 36 44 46 54 

57 59 34.470231
0.27 34.47 57 59 

57 60 34.470231
0.430017406440383 34.45 57 59 60 
0.430017406440383 0.01999999999999602 57 59 72 60 

57 61 23.341177
1.080012853470437 23.33 57 59 60 61 
1.080012853470437 0.01 57 59 72 60 61 

57 62 21.093195
0.6700142247510669 21.08 57 59 60 63 62 
0.6700142247510669 0.01 57 59 72 60 63 62 

57 63 21.093195
0.6100142247510668 21.08 57 59 60 63 
0.6100142247510668 0.01 57 59 72 60 63 

57 64 21.093195
0.7200142247510669 21.08 57 59 60 63 65 64 
0.7200142247510669 0.01 57 59 72 60 63 65 64 

57 65 21.093195
0.640014224751067 21.08 57 59 60 63 65 
0.640014224751067 0.01 57 59 72 60 63 65 

57 66 21.093195
0.7300142247510669 21.08 57 59 60 63 65 66 
0.7300142247510669 0.01 57 59 72 60 63 65 66 

57 67 24.06731
0.5600124688279302 24.05 57 59 60 67 
0.5600124688279302 0.01 57 59 72 60 67 

57 69 29.464662
0.6200101832993892 29.45 57 59 60 69 
0.6200101832993892 0.010000000000001563 57 59 72 60 69 

58 1 3.121589
0.87 3.12 58 20 10 11 8 6 3 1 

58 3 3.198683
0.63 3.2 58 20 10 11 8 6 3 

58 6 10.860629
0.52 10.86 58 20 10 11 8 6 

58 13 14.842005
0.8 14.84 58 20 10 11 8 6 13 

58 14 14.842005
0.7500269541778977 14.8 58 20 10 18 19 16 17 14 
0.7500269541778977 0.03999999999999915 58 20 21 22 14 

58 16 23.688343
0.6200000000000001 23.69 58 20 10 18 19 16 

58 17 23.688343
0.6400000000000001 23.69 58 20 10 18 19 16 17 

58 18 23.688343
0.51 23.69 58 20 10 18 

58 20 85.600503
0.19 85.6 58 20 

58 21 29.697176
0.5 29.7 58 20 21 

58 22 24.790304
0.61 24.79 58 20 21 22 

58 29 23.706615
0.71 23.71 58 20 21 22 29 

58 30 24.997455
0.38004800000000005 24.96 58 20 30 
0.38004800000000005 0.04 58 59 60 30 

58 31 24.997455
0.410048 24.96 58 20 30 31 
0.410048 0.03999999999999915 58 59 60 30 31 

58 32 24.997455
0.4000120048019208 24.98 58 59 60 32 
0.4000120048019208 0.01 58 59 72 60 32 

58 33 24.997455
0.5671148459383754 7.24 58 59 60 32 34 33 
0.5671148459383754 11.26 58 59 60 32 33 
0.5671148459383754 6.480000000000002 58 59 60 34 33 
0.5671148459383754 0.00999999999999801 58 59 72 60 34 33 

58 35 8.85386
0.6270960451977401 2.57 58 59 60 32 34 35 
0.6270960451977401 6.279999999999999 58 59 60 34 35 

58 37 17.462714
0.7800000000000001 17.46 58 20 21 23 24 26 28 37 

58 38 17.462714
0.8300000000000002 17.46 58 20 21 23 24 26 28 37 38 

58 39 17.462714
0.86 17.46 58 20 21 22 29 41 40 39 

58 40 17.462714
0.84 17.46 58 20 21 22 29 41 40 

58 49 8.12843
1.359987684729064 0.01 58 59 60 32 34 35 36 44 46 47 74 48 49 
1.359987684729064 8.11 58 20 21 22 29 41 40 39 48 49 
1.359987684729064 0.0 58 59 60 34 35 36 44 46 47 74 48 49 

58 50 8.669538
1.549988452655889 0.01 58 59 60 32 34 35 36 44 46 47 74 48 49 50 
1.549988452655889 8.65 58 20 21 22 29 41 40 39 48 49 50 
1.549988452655889 0.0 58 59 60 34 35 36 44 46 47 74 48 49 50 

58 51 8.669538
1.569988452655889 0.01 58 59 60 32 34 35 36 44 46 47 74 48 52 51 
1.569988452655889 8.65 58 20 21 22 29 41 40 39 48 52 51 
1.569988452655889 0.0 58 59 60 34 35 36 44 46 47 74 48 52 51 

58 54 14.435015
1.047103257103257 4.18 58 59 60 32 34 35 36 44 46 54 
1.047103257103257 10.25 58 59 60 34 35 36 44 46 54 

58 57 128.693118
0.16 128.69 58 57 

58 59 23.668492
0.13 23.67 58 59 

58 60 23.668492
0.2900126742712294 23.66 58 59 60 
0.2900126742712294 0.01 58 59 72 60 

58 61 18.936814
0.940015839493136 18.93 58 59 60 61 
0.940015839493136 0.01 58 59 72 60 61 

58 62 18.025677
0.5300166389351082 18.02 58 59 60 63 62 
0.5300166389351082 0.01 58 59 72 60 63 62 

58 63 18.025677
0.4700166389351082 18.02 58 59 60 63 
0.4700166389351082 0.01 58 59 72 60 63 

58 64 18.025677
0.580016638935108 18.02 58 59 60 63 65 64 
0.580016638935108 0.01 58 59 72 60 63 65 64 

58 65 18.025677
0.5000166389351081 18.02 58 59 60 63 65 
0.5000166389351081 0.01 58 59 72 60 63 65 

58 66 18.025677
0.590016638935108 18.02 58 59 60 63 65 66 
0.590016638935108 0.01 58 59 72 60 63 65 66 

58 67 19.992593
0.42001500750375187 19.98 58 59 60 67 
0.42001500750375187 0.00999999999999801 58 59 72 60 67 

58 69 22.93063
0.4800130832969909 22.92 58 59 60 69 
0.4800130832969909 0.00999999999999801 58 59 72 60 69 

59 1 0.584093
1.01 0.58 59 58 20 10 11 8 6 3 1 

59 3 2.342811
0.77 2.34 59 58 20 10 11 8 6 3 

59 6 6.160351
0.66 6.16 59 58 20 10 11 8 6 

59 13 9.680315
0.9400000000000001 9.68 59 58 20 10 11 8 6 13 

59 14 9.680315
0.8902272727272725 9.65 59 58 20 10 18 19 16 17 14 
0.8902272727272725 0.019999999999999574 59 58 20 21 22 14 
0.8902272727272725 0.01 59 60 32 34 33 24 23 21 22 14 

59 20 10.215358
0.33 10.22 59 58 20 

59 21 1.070399
0.64 1.07 59 58 20 21 
0.64 0.0 59 60 32 34 33 24 23 21 

59 22 13.726485
0.7502767662053896 13.71 59 58 20 21 22 
0.7502767662053896 0.019999999999999574 59 60 32 34 33 24 23 21 22 

59 23 117.686596
0.710072223638372 117.52 59 58 20 21 23 
0.710072223638372 0.17 59 60 32 34 33 24 23 

59 24 117.686596
0.7490525958025321 0.17 59 60 32 34 33 24 
0.7490525958025321 5.32 59 60 32 33 24 
0.7490525958025321 112.2 59 58 20 21 23 24 

59 25 117.686596
0.779052595802532 0.17 59 60 32 34 33 24 25 
0.779052595802532 5.32 59 60 32 33 24 25 
0.779052595802532 112.19999999999999 59 58 20 21 23 24 25 

59 26 117.686596
0.7680829367777022 0.17 59 60 32 34 33 24 26 
0.7680829367777022 0.1 59 60 34 33 24 26 
0.7680829367777022 4.66 59 60 32 33 24 26 
0.7680829367777022 12.649999999999995 59 60 32 33 27 26 
0.7680829367777022 100.04 59 58 20 21 23 24 26 
0.7680829367777022 0.06 59 72 60 32 33 27 26 

59 29 13.372854
0.8502842183994017 13.35 59 58 20 21 22 29 
0.8502842183994017 0.019999999999999574 59 60 32 34 33 24 23 21 22 29 

59 30 211.109733
0.2800156316612193 211.0 59 60 30 
0.2800156316612193 0.11 59 72 60 30 

59 31 211.109733
0.3100156316612193 211.0 59 60 30 31 
0.3100156316612193 0.11 59 72 60 30 31 

59 32 211.109733
0.2700156316612193 211.0 59 60 32 
0.2700156316612193 0.11 59 72 60 32 

59 33 211.109733
0.43711809009521096 61.17 59 60 32 34 33 
0.43711809009521096 54.81999999999999 59 60 34 33 
0.43711809009521096 95.00999999999999 59 60 32 33 
0.43711809009521096 0.10999999999999943 59 72 60 32 33 

59 35 14.018481
0.4971255349500714 4.06 59 60 32 34 35 
0.4971255349500714 9.95 59 60 34 35 
0.4971255349500714 0.01 59 72 60 34 35 

59 54 33.092327
0.9171199758235116 9.59 59 60 32 34 35 36 44 46 54 
0.9171199758235116 23.48 59 60 34 35 36 44 46 54 
0.9171199758235116 0.019999999999999574 59 72 60 34 35 36 44 46 54 

59 61 83.196113
0.8100144248106745 83.15 59 60 61 
0.8100144248106745 0.04 59 72 60 61 

59 62 58.257931
0.40001544799176103 58.23 59 60 63 62 
0.40001544799176103 0.03 59 72 60 63 62 

59 63 58.257931
0.34001544799176103 58.23 59 60 63 
0.34001544799176103 0.03 59 72 60 63 

59 64 58.257931
0.450015447991761 58.23 59 60 63 65 64 
0.450015447991761 0.03 59 72 60 63 65 64 

59 65 58.257931
0.37001544799176106 58.23 59 60 63 65 
0.37001544799176106 0.03 59 72 60 63 65 

59 66 58.257931
0.46001544799176103 58.23 59 60 63 65 66 
0.46001544799176103 0.03 59 72 60 63 65 66 

59 67 86.322694
0.29001390176088976 86.28 59 60 67 
0.29001390176088976 0.03999999999999204 59 72 60 67 

59 69 251.253473
0.35001552238805966 251.12 59 60 69 
0.35001552238805966 0.12999999999999545 59 72 60 69 

60 1 0.584093
0.99 0.58 60 30 20 10 11 8 6 3 1 

60 3 2.342811
0.75 2.34 60 30 20 10 11 8 6 3 

60 6 6.160351
0.64 6.16 60 30 20 10 11 8 6 

60 13 9.680315
0.9201446280991736 9.67 60 30 20 10 11 8 6 13 
0.9201446280991736 0.01 60 32 34 33 24 23 21 22 14 13 

60 14 9.680315
0.8700826446280991 9.65 60 30 20 10 18 19 16 17 14 
0.8700826446280991 0.019999999999999574 60 30 20 21 22 14 
0.8700826446280991 0.01 60 32 34 33 24 23 21 22 14 

60 20 10.215358
0.31 10.22 60 30 20 

60 21 1.070399
0.62 1.07 60 30 20 21 
0.62 0.0 60 32 34 33 24 23 21 

60 22 13.726485
0.7300728332119446 13.71 60 30 20 21 22 
0.7300728332119446 0.019999999999999574 60 32 34 33 24 23 21 22 

60 23 117.686596
0.6071575458871519 34.1 60 32 34 33 24 23 
0.6071575458871519 52.96999999999999 60 32 33 24 23 
0.6071575458871519 30.500000000000007 60 34 33 24 23 
0.6071575458871519 0.05999999999998806 60 34 33 27 26 24 23 
0.6071575458871519 0.05 60 30 31 23 

60 24 117.686596
0.5671278042148199 34.1 60 32 34 33 24 
0.5671278042148199 53.029999999999994 60 32 33 24 
0.5671278042148199 30.490000000000016 60 34 33 24 
0.5671278042148199 0.06 60 34 33 27 26 24 

60 25 117.686596
0.59712780421482 34.1 60 32 34 33 24 25 
0.59712780421482 53.029999999999994 60 32 33 24 25 
0.59712780421482 30.490000000000016 60 34 33 24 25 
0.59712780421482 0.06 60 34 33 27 26 24 25 

60 26 117.686596
0.5936077831591469 34.1 60 32 34 33 24 26 
0.5936077831591469 7.030000000000001 60 32 33 24 26 
0.5936077831591469 45.99999999999999 60 32 33 27 26 
0.5936077831591469 6.8700000000000045 60 34 33 27 26 
0.5936077831591469 23.68999999999999 60 34 33 27 28 26 

60 29 13.372854
0.8300747943156319 13.35 60 30 20 21 22 29 
0.8300747943156319 0.019999999999999574 60 32 34 33 24 23 21 22 29 

60 30 211.109733
0.12 211.11 60 30 

60 31 211.109733
0.15 211.11 60 30 31 

60 32 211.109733
0.11 211.11 60 32 

60 33 211.109733
0.2771024584339918 61.17 60 32 34 33 
0.2771024584339918 95.11999999999999 60 32 33 
0.2771024584339918 54.81999999999999 60 34 33 

60 35 14.018481
0.3371041369472183 4.06 60 32 34 35 
0.3371041369472183 9.96 60 34 35 

60 54 33.092327
0.7571018434572379 9.59 60 32 34 35 36 44 46 54 
0.7571018434572379 23.5 60 34 35 36 44 46 54 

60 61 83.196113
0.65 83.2 60 61 

60 62 58.257931
0.24 58.26 60 63 62 

60 63 58.257931
0.18 58.26 60 63 

60 64 58.257931
0.29 58.26 60 63 65 64 

60 65 58.257931
0.21 58.26 60 63 65 

60 66 58.257931
0.3 58.26 60 63 65 66 

60 67 86.322694
0.13 86.32 60 67 

60 69 251.253473
0.19 251.25 60 69 

61 1 0.550263
1.6400000000000001 0.55 61 60 30 20 10 11 8 6 3 1 

61 3 2.074518
1.4000000000000001 2.07 61 60 30 20 10 11 8 6 3 

61 6 4.333691
1.29 4.33 61 60 30 20 10 11 8 6 

61 13 6.02138
1.5702325581395349 6.01 61 60 30 20 10 11 8 6 13 
1.5702325581395349 0.009999999999999787 61 60 32 34 33 24 23 21 22 14 13 

61 14 6.02138
1.5201162790697678 6.0 61 60 30 20 10 18 19 16 17 14 
1.5201162790697678 0.009999999999999787 61 60 30 20 21 22 14 
1.5201162790697678 0.009999999999999787 61 60 32 34 33 24 23 21 22 14 

61 20 6.325123
0.96 6.33 61 60 30 20 

61 21 1.015204
1.27 1.01 61 60 30 20 21 
1.27 0.0 61 60 32 34 33 24 23 21 

61 22 7.195995
1.3800694444444448 7.19 61 60 30 20 21 22 
1.3800694444444448 0.009999999999999787 61 60 32 34 33 24 23 21 22 

61 23 15.216327
1.257181340341656 4.41 61 60 32 34 33 24 23 
1.257181340341656 3.9499999999999993 61 60 34 33 24 23 
1.257181340341656 6.84 61 60 32 33 24 23 
1.257181340341656 0.009999999999999787 61 60 32 33 27 26 24 23 
1.257181340341656 0.01 61 60 30 31 23 

61 24 15.216327
1.2171353482260183 4.41 61 60 32 34 33 24 
1.2171353482260183 3.9499999999999993 61 60 34 33 24 
1.2171353482260183 6.850000000000001 61 60 32 33 24 
1.2171353482260183 0.00999999999999801 61 60 32 33 27 26 24 

61 25 15.216327
1.2471353482260186 4.41 61 60 32 34 33 24 25 
1.2471353482260186 3.9499999999999993 61 60 34 33 24 25 
1.2471353482260186 6.850000000000001 61 60 32 33 24 25 
1.2471353482260186 0.00999999999999801 61 60 32 33 27 26 24 25 

61 26 15.216327
1.2436070959264127 4.41 61 60 32 34 33 24 26 
1.2436070959264127 0.9100000000000001 61 60 34 33 24 26 
1.2436070959264127 3.039999999999999 61 60 34 33 27 26 
1.2436070959264127 3.8000000000000007 61 60 32 33 27 26 
1.2436070959264127 3.0599999999999987 61 60 32 33 27 28 26 

61 29 7.102218
1.4800704225352115 7.09 61 60 30 20 21 22 29 
1.4800704225352115 0.009999999999999787 61 60 32 34 33 24 23 21 22 29 

61 30 16.360618
0.77 16.36 61 60 30 

61 31 16.360618
0.8 16.36 61 60 30 31 

61 32 16.360618
0.76 16.36 61 60 32 

61 33 16.360618
0.9271026894865526 4.74 61 60 32 34 33 
0.9271026894865526 4.25 61 60 34 33 
0.9271026894865526 7.369999999999999 61 60 32 33 

61 35 7.755535
0.9871005154639175 2.25 61 60 32 34 35 
0.9871005154639175 5.51 61 60 34 35 

61 54 11.362737
1.4071038732394368 3.29 61 60 32 34 35 36 44 46 54 
1.4071038732394368 8.07 61 60 34 35 36 44 46 54 

61 57 15.788832
1.04 15.79 61 60 59 57 

61 58 20.615381
0.92 20.62 61 60 59 58 

61 59 17.726091
0.78 17.73 61 60 59 

61 60 17.726091
0.65 17.73 61 60 

61 62 13.458986
0.8900000000000001 13.46 61 60 63 62 

61 63 13.458986
0.8300000000000001 13.46 61 60 63 

61 64 13.458986
0.9400000000000001 13.46 61 60 63 65 64 

61 65 13.458986
0.8600000000000001 13.46 61 60 63 65 

61 66 13.458986
0.9500000000000001 13.46 61 60 63 65 66 

61 67 14.497015
0.78 14.5 61 60 67 

61 69 15.798465
0.8400000000000001 15.8 61 60 69 

62 1 0.546584
1.1800000000000002 0.55 62 63 60 30 20 10 11 8 6 3 1 

62 3 1.993297
0.9400000000000001 1.99 62 63 60 30 20 10 11 8 6 3 

62 6 3.935759
0.8300000000000001 3.94 62 63 60 30 20 10 11 8 6 

62 13 5.225736
1.1102676864244743 5.22 62 63 60 30 20 10 11 8 6 13 
1.1102676864244743 0.01 62 63 60 32 34 33 24 23 21 22 14 13 

62 14 5.225736
1.0601338432122374 5.21 62 63 60 30 20 10 18 19 16 17 14 
1.0601338432122374 0.009999999999999787 62 63 60 30 20 21 22 14 
1.0601338432122374 0.01 62 63 60 32 34 33 24 23 21 22 14 

62 20 5.528133
0.5 5.53 62 63 60 30 20 

62 21 0.978248
0.81 0.98 62 63 60 30 20 21 

62 22 6.111092
0.9200818330605565 6.1 62 63 60 30 20 21 22 
0.9200818330605565 0.01 62 63 60 32 34 33 24 23 21 22 

62 23 10.979506
0.7971011850501367 3.18 62 63 60 32 34 33 24 23 
0.7971011850501367 4.9399999999999995 62 63 60 32 33 24 23 
0.7971011850501367 2.85 62 63 60 34 33 24 23 
0.7971011850501367 0.0 62 63 60 30 31 23 

62 24 10.979506
0.7571493624772311 3.18 62 63 60 32 34 33 24 
0.7571493624772311 4.95 62 63 60 32 33 24 
0.7571493624772311 2.8400000000000007 62 63 60 34 33 24 
0.7571493624772311 0.009999999999999343 62 63 60 34 33 27 26 24 

62 25 10.979506
0.7871493624772312 3.18 62 63 60 32 34 33 24 25 
0.7871493624772312 4.95 62 63 60 32 33 24 25 
0.7871493624772312 2.8400000000000007 62 63 60 34 33 24 25 
0.7871493624772312 0.009999999999999343 62 63 60 34 33 27 26 24 25 

62 26 10.979506
0.7836065573770492 3.18 62 63 60 32 34 33 24 26 
0.7836065573770492 0.6599999999999997 62 63 60 32 33 24 26 
0.7836065573770492 4.290000000000001 62 63 60 32 33 27 26 
0.7836065573770492 0.6399999999999988 62 63 60 34 33 27 26 
0.7836065573770492 2.21 62 63 60 34 33 27 28 26 

62 29 6.066674
1.0200823723228996 6.06 62 63 60 30 20 21 22 29 
1.0200823723228996 0.01 62 63 60 32 34 33 24 23 21 22 29 

62 30 11.220804
0.31 11.22 62 63 60 30 

62 31 11.220804
0.33999999999999997 11.22 62 63 60 30 31 

62 32 11.220804
0.3 11.22 62 63 60 32 

62 33 11.220804
0.4671033868092692 3.25 62 63 60 32 34 33 
0.4671033868092692 5.06 62 63 60 32 33 
0.4671033868092692 2.91 62 63 60 34 33 

62 35 6.509325
0.5270967741935485 1.89 62 63 60 32 34 35 
0.5270967741935485 4.62 62 63 60 34 35 

62 54 9.048537
0.9471049723756906 2.62 62 63 60 32 34 35 36 44 46 54 
0.9471049723756906 6.43 62 63 60 34 35 36 44 46 54 

62 57 11.902776
0.5800000000000001 11.9 62 63 60 59 57 

62 58 14.019985
0.46 14.02 62 63 60 59 58 

62 59 12.142594
0.32 12.14 62 63 60 59 

62 60 12.142594
0.19 12.14 62 63 60 

62 61 10.181054
0.8400000000000001 10.18 62 63 60 61 

62 67 10.781305
0.32 10.78 62 63 60 67 

62 69 11.633072
0.38 11.63 62 63 60 69 

63 1 0.546584
1.13 0.55 63 60 30 20 10 11 8 6 3 1 

63 3 1.993297
0.89 1.99 63 60 30 20 10 11 8 6 3 

63 6 3.935759
0.78 3.94 63 60 30 20 10 11 8 6 

63 13 5.225736
1.0602676864244742 5.22 63 60 30 20 10 11 8 6 13 
1.0602676864244742 0.01 63 60 32 34 33 24 23 21 22 14 13 

63 14 5.225736
1.0101338432122373 5.21 63 60 30 20 10 18 19 16 17 14 
1.0101338432122373 0.009999999999999787 63 60 30 20 21 22 14 
1.0101338432122373 0.01 63 60 32 34 33 24 23 21 22 14 

63 20 5.528133
0.45 5.53 63 60 30 20 

63 21 0.978248
0.76 0.98 63 60 30 20 21 

63 22 6.111092
0.8700818330605564 6.1 63 60 30 20 21 22 
0.8700818330605564 0.01 63 60 32 34 33 24 23 21 22 

63 23 10.979506
0.7471011850501369 3.18 63 60 32 34 33 24 23 
0.7471011850501369 2.85 63 60 34 33 24 23 
0.7471011850501369 4.9399999999999995 63 60 32 33 24 23 
0.7471011850501369 0.0 63 60 30 31 23 

63 24 10.979506
0.7071493624772313 3.18 63 60 32 34 33 24 
0.7071493624772313 2.85 63 60 34 33 24 
0.7071493624772313 4.940000000000001 63 60 32 33 24 
0.7071493624772313 0.009999999999998899 63 60 32 33 27 26 24 

63 25 10.979506
0.7371493624772314 3.18 63 60 32 34 33 24 25 
0.7371493624772314 2.85 63 60 34 33 24 25 
0.7371493624772314 4.940000000000001 63 60 32 33 24 25 
0.7371493624772314 0.009999999999998899 63 60 32 33 27 26 24 25 

63 26 10.979506
0.7336065573770492 3.18 63 60 32 34 33 24 26 
0.7336065573770492 0.6599999999999997 63 60 34 33 24 26 
0.7336065573770492 2.1900000000000004 63 60 34 33 27 26 
0.7336065573770492 2.7399999999999993 63 60 32 33 27 26 
0.7336065573770492 2.21 63 60 32 33 27 28 26 

63 29 6.066674
0.9700823723228996 6.06 63 60 30 20 21 22 29 
0.9700823723228996 0.01 63 60 32 34 33 24 23 21 22 29 

63 30 11.220804
0.26 11.22 63 60 30 

63 31 11.220804
0.29000000000000004 11.22 63 60 30 31 

63 32 11.220804
0.25 11.22 63 60 32 

63 33 11.220804
0.4171033868092692 3.25 63 60 32 34 33 
0.4171033868092692 2.91 63 60 34 33 
0.4171033868092692 5.06 63 60 32 33 

63 35 6.509325
0.4770967741935484 1.89 63 60 32 34 35 
0.4770967741935484 4.62 63 60 34 35 

63 54 9.048537
0.8971049723756905 2.62 63 60 32 34 35 36 44 46 54 
0.8971049723756905 6.43 63 60 34 35 36 44 46 54 

63 57 11.902776
0.53 11.9 63 60 59 57 

63 58 14.019985
0.41000000000000003 14.02 63 60 59 58 

63 59 12.142594
0.27 12.14 63 60 59 

63 60 12.142594
0.14 12.14 63 60 

63 61 10.181054
0.79 10.18 63 60 61 

63 67 10.781305
0.27 10.78 63 60 67 

63 69 11.633072
0.33 11.63 63 60 69 

64 1 0.546584
1.2400000000000002 0.55 64 65 63 60 30 20 10 11 8 6 3 1 

64 3 1.993297
1.0000000000000002 1.99 64 65 63 60 30 20 10 11 8 6 3 

64 6 3.935759
0.8900000000000001 3.94 64 65 63 60 30 20 10 11 8 6 

64 13 5.225736
1.1702676864244743 5.22 64 65 63 60 30 20 10 11 8 6 13 
1.1702676864244743 0.01 64 65 63 60 32 34 33 24 23 21 22 14 13 

64 14 5.225736
1.1201338432122374 5.21 64 65 63 60 30 20 10 18 19 16 17 14 
1.1201338432122374 0.009999999999999787 64 65 63 60 30 20 21 22 14 
1.1201338432122374 0.01 64 65 63 60 32 34 33 24 23 21 22 14 

64 20 5.528133
0.56 5.53 64 65 63 60 30 20 

64 21 0.978248
0.8700000000000001 0.98 64 65 63 60 30 20 21 

64 22 6.111092
0.9800818330605566 6.1 64 65 63 60 30 20 21 22 
0.9800818330605566 0.01 64 65 63 60 32 34 33 24 23 21 22 

64 23 10.979506
0.8571011850501369 3.18 64 65 63 60 32 34 33 24 23 
0.8571011850501369 4.9399999999999995 64 65 63 60 32 33 24 23 
0.8571011850501369 2.85 64 65 63 60 34 33 24 23 
0.8571011850501369 0.0 64 65 63 60 30 31 23 

64 24 10.979506
0.8171493624772312 3.18 64 65 63 60 32 34 33 24 
0.8171493624772312 4.95 64 65 63 60 32 33 24 
0.8171493624772312 2.8400000000000007 64 65 63 60 34 33 24 
0.8171493624772312 0.009999999999999343 64 65 63 60 34 33 27 26 24 

64 25 10.979506
0.8471493624772312 3.18 64 65 63 60 32 34 33 24 25 
0.8471493624772312 4.95 64 65 63 60 32 33 24 25 
0.8471493624772312 2.8400000000000007 64 65 63 60 34 33 24 25 
0.8471493624772312 0.009999999999999343 64 65 63 60 34 33 27 26 24 25 

64 26 10.979506
0.8436065573770491 3.18 64 65 63 60 32 34 33 24 26 
0.8436065573770491 0.6599999999999997 64 65 63 60 32 33 24 26 
0.8436065573770491 4.290000000000001 64 65 63 60 32 33 27 26 
0.8436065573770491 0.6399999999999988 64 65 63 60 34 33 27 26 
0.8436065573770491 2.21 64 65 63 60 34 33 27 28 26 

64 29 6.066674
1.0800823723228998 6.06 64 65 63 60 30 20 21 22 29 
1.0800823723228998 0.01 64 65 63 60 32 34 33 24 23 21 22 29 

64 30 11.220804
0.37 11.22 64 65 63 60 30 

64 31 11.220804
0.4 11.22 64 65 63 60 30 31 

64 32 11.220804
0.36 11.22 64 65 63 60 32 

64 33 11.220804
0.5271033868092693 3.25 64 65 63 60 32 34 33 
0.5271033868092693 5.06 64 65 63 60 32 33 
0.5271033868092693 2.91 64 65 63 60 34 33 

64 35 6.509325
0.5870967741935484 1.89 64 65 63 60 32 34 35 
0.5870967741935484 4.62 64 65 63 60 34 35 

64 54 9.048537
1.0071049723756906 2.62 64 65 63 60 32 34 35 36 44 46 54 
1.0071049723756906 6.43 64 65 63 60 34 35 36 44 46 54 

64 57 11.902776
0.64 11.9 64 65 63 60 59 57 

64 58 14.019985
0.52 14.02 64 65 63 60 59 58 

64 59 12.142594
0.38 12.14 64 65 63 60 59 

64 60 12.142594
0.25 12.14 64 65 63 60 

64 61 10.181054
0.9 10.18 64 65 63 60 61 

64 67 10.781305
0.38 10.78 64 65 63 60 67 

64 69 11.633072
0.44 11.63 64 65 63 60 69 

65 1 0.546584
1.1600000000000001 0.55 65 63 60 30 20 10 11 8 6 3 1 

65 3 1.993297
0.92 1.99 65 63 60 30 20 10 11 8 6 3 

65 6 3.935759
0.81 3.94 65 63 60 30 20 10 11 8 6 

65 13 5.225736
1.0902676864244742 5.22 65 63 60 30 20 10 11 8 6 13 
1.0902676864244742 0.01 65 63 60 32 34 33 24 23 21 22 14 13 

65 14 5.225736
1.0401338432122373 5.21 65 63 60 30 20 10 18 19 16 17 14 
1.0401338432122373 0.009999999999999787 65 63 60 30 20 21 22 14 
1.0401338432122373 0.01 65 63 60 32 34 33 24 23 21 22 14 

65 20 5.528133
0.48000000000000004 5.53 65 63 60 30 20 

65 21 0.978248
0.79 0.98 65 63 60 30 20 21 

65 22 6.111092
0.9000818330605566 6.1 65 63 60 30 20 21 22 
0.9000818330605566 0.01 65 63 60 32 34 33 24 23 21 22 

65 23 10.979506
0.7771011850501369 3.18 65 63 60 32 34 33 24 23 
0.7771011850501369 2.85 65 63 60 34 33 24 23 
0.7771011850501369 4.9399999999999995 65 63 60 32 33 24 23 
0.7771011850501369 0.0 65 63 60 30 31 23 

65 24 10.979506
0.7371493624772314 3.18 65 63 60 32 34 33 24 
0.7371493624772314 2.85 65 63 60 34 33 24 
0.7371493624772314 4.940000000000001 65 63 60 32 33 24 
0.7371493624772314 0.009999999999998899 65 63 60 32 33 27 26 24 

65 25 10.979506
0.7671493624772312 3.18 65 63 60 32 34 33 24 25 
0.7671493624772312 2.85 65 63 60 34 33 24 25 
0.7671493624772312 4.940000000000001 65 63 60 32 33 24 25 
0.7671493624772312 0.009999999999998899 65 63 60 32 33 27 26 24 25 

65 26 10.979506
0.7636065573770493 3.18 65 63 60 32 34 33 24 26 
0.7636065573770493 0.6599999999999997 65 63 60 34 33 24 26 
0.7636065573770493 2.1900000000000004 65 63 60 34 33 27 26 
0.7636065573770493 2.7399999999999993 65 63 60 32 33 27 26 
0.7636065573770493 2.21 65 63 60 32 33 27 28 26 

65 29 6.066674
1.0000823723228995 6.06 65 63 60 30 20 21 22 29 
1.0000823723228995 0.01 65 63 60 32 34 33 24 23 21 22 29 

65 30 11.220804
0.29000000000000004 11.22 65 63 60 30 

65 31 11.220804
0.32000000000000006 11.22 65 63 60 30 31 

65 32 11.220804
0.28 11.22 65 63 60 32 

65 33 11.220804
0.44710338680926925 3.25 65 63 60 32 34 33 
0.44710338680926925 2.91 65 63 60 34 33 
0.44710338680926925 5.06 65 63 60 32 33 

65 35 6.509325
0.5070967741935484 1.89 65 63 60 32 34 35 
0.5070967741935484 4.62 65 63 60 34 35 

65 54 9.048537
0.9271049723756906 2.62 65 63 60 32 34 35 36 44 46 54 
0.9271049723756906 6.43 65 63 60 34 35 36 44 46 54 

65 57 11.902776
0.56 11.9 65 63 60 59 57 

65 58 14.019985
0.44000000000000006 14.02 65 63 60 59 58 

65 59 12.142594
0.30000000000000004 12.14 65 63 60 59 

65 60 12.142594
0.17 12.14 65 63 60 

65 61 10.181054
0.8200000000000001 10.18 65 63 60 61 

65 67 10.781305
0.30000000000000004 10.78 65 63 60 67 

65 69 11.633072
0.36 11.63 65 63 60 69 

66 1 0.546584
1.2600000000000002 0.55 66 65 63 60 30 20 10 11 8 6 3 1 

66 3 1.993297
1.0200000000000002 1.99 66 65 63 60 30 20 10 11 8 6 3 

66 6 3.935759
0.9100000000000001 3.94 66 65 63 60 30 20 10 11 8 6 

66 13 5.225736
1.1902676864244743 5.22 66 65 63 60 30 20 10 11 8 6 13 
1.1902676864244743 0.01 66 65 63 60 32 34 33 24 23 21 22 14 13 

66 14 5.225736
1.1401338432122374 5.21 66 65 63 60 30 20 10 18 19 16 17 14 
1.1401338432122374 0.009999999999999787 66 65 63 60 30 20 21 22 14 
1.1401338432122374 0.01 66 65 63 60 32 34 33 24 23 21 22 14 

66 20 5.528133
0.5800000000000001 5.53 66 65 63 60 30 20 

66 21 0.978248
0.8900000000000001 0.98 66 65 63 60 30 20 21 

66 22 6.111092
1.0000818330605568 6.1 66 65 63 60 30 20 21 22 
1.0000818330605568 0.01 66 65 63 60 32 34 33 24 23 21 22 

66 23 10.979506
0.8771011850501369 3.18 66 65 63 60 32 34 33 24 23 
0.8771011850501369 4.9399999999999995 66 65 63 60 32 33 24 23 
0.8771011850501369 2.85 66 65 63 60 34 33 24 23 
0.8771011850501369 0.0 66 65 63 60 30 31 23 

66 24 10.979506
0.8371493624772312 3.18 66 65 63 60 32 34 33 24 
0.8371493624772312 4.95 66 65 63 60 32 33 24 
0.8371493624772312 2.8400000000000007 66 65 63 60 34 33 24 
0.8371493624772312 0.009999999999999343 66 65 63 60 34 33 27 26 24 

66 25 10.979506
0.8671493624772313 3.18 66 65 63 60 32 34 33 24 25 
0.8671493624772313 4.95 66 65 63 60 32 33 24 25 
0.8671493624772313 2.8400000000000007 66 65 63 60 34 33 24 25 
0.8671493624772313 0.009999999999999343 66 65 63 60 34 33 27 26 24 25 

66 26 10.979506
0.8636065573770492 3.18 66 65 63 60 32 34 33 24 26 
0.8636065573770492 0.6599999999999997 66 65 63 60 32 33 24 26 
0.8636065573770492 4.290000000000001 66 65 63 60 32 33 27 26 
0.8636065573770492 0.6399999999999988 66 65 63 60 34 33 27 26 
0.8636065573770492 2.21 66 65 63 60 34 33 27 28 26 

66 29 6.066674
1.1000823723228998 6.06 66 65 63 60 30 20 21 22 29 
1.1000823723228998 0.01 66 65 63 60 32 34 33 24 23 21 22 29 

66 30 11.220804
0.39 11.22 66 65 63 60 30 

66 31 11.220804
0.42000000000000004 11.22 66 65 63 60 30 31 

66 32 11.220804
0.38 11.22 66 65 63 60 32 

66 33 11.220804
0.5471033868092693 3.25 66 65 63 60 32 34 33 
0.5471033868092693 5.06 66 65 63 60 32 33 
0.5471033868092693 2.91 66 65 63 60 34 33 

66 35 6.509325
0.6070967741935483 1.89 66 65 63 60 32 34 35 
0.6070967741935483 4.62 66 65 63 60 34 35 

66 54 9.048537
1.0271049723756904 2.62 66 65 63 60 32 34 35 36 44 46 54 
1.0271049723756904 6.43 66 65 63 60 34 35 36 44 46 54 

66 57 11.902776
0.66 11.9 66 65 63 60 59 57 

66 58 14.019985
0.54 14.02 66 65 63 60 59 58 

66 59 12.142594
0.4 12.14 66 65 63 60 59 

66 60 12.142594
0.27 12.14 66 65 63 60 

66 61 10.181054
0.92 10.18 66 65 63 60 61 

66 67 10.781305
0.4 10.78 66 65 63 60 67 

66 69 11.633072
0.46 11.63 66 65 63 60 69 

67 1 0.541428
1.12 0.54 67 60 30 20 10 11 8 6 3 1 

67 3 2.007721
0.88 2.01 67 60 30 20 10 11 8 6 3 

67 6 4.005885
0.77 4.01 67 60 30 20 10 11 8 6 

67 13 5.383699
1.05 5.38 67 60 30 20 10 11 8 6 13 

67 14 5.383699
1.000018587360595 5.37 67 60 30 20 10 18 19 16 17 14 
1.000018587360595 0.009999999999999787 67 60 30 20 21 22 14 

67 20 5.685916
0.44 5.69 67 60 30 20 

67 21 0.979881
0.75 0.98 67 60 30 20 21 

67 22 6.328726
0.8600789889415482 6.32 67 60 30 20 21 22 
0.8600789889415482 0.009999999999999787 67 60 32 34 33 24 23 21 22 

67 23 11.91284
0.7371620486985727 3.45 67 60 32 34 33 24 23 
0.7371620486985727 3.09 67 60 34 33 24 23 
0.7371620486985727 5.359999999999999 67 60 32 33 24 23 
0.7371620486985727 8.881784197001252e-16 67 60 32 33 27 26 24 23 
0.7371620486985727 0.01 67 60 30 31 23 

67 24 11.91284
0.697103274559194 3.45 67 60 32 34 33 24 
0.697103274559194 3.09 67 60 34 33 24 
0.697103274559194 5.37 67 60 32 33 24 

67 25 11.91284
0.727103274559194 3.45 67 60 32 34 33 24 25 
0.727103274559194 3.09 67 60 34 33 24 25 
0.727103274559194 5.37 67 60 32 33 24 25 

67 26 11.91284
0.7236104114189756 3.45 67 60 32 34 33 24 26 
0.7236104114189756 0.71 67 60 34 33 24 26 
0.7236104114189756 2.38 67 60 34 33 27 26 
0.7236104114189756 2.9699999999999998 67 60 32 33 27 26 
0.7236104114189756 2.4 67 60 32 33 27 28 26 

67 29 6.270266
0.9600797448165869 6.26 67 60 30 20 21 22 29 
0.9600797448165869 0.009999999999999787 67 60 32 34 33 24 23 21 22 29 

67 30 12.547047
0.25 12.55 67 60 30 

67 31 12.547047
0.28 12.55 67 60 30 31 

67 32 12.547047
0.24 12.55 67 60 32 

67 33 12.547047
0.407097288676236 3.64 67 60 32 34 33 
0.407097288676236 3.2499999999999996 67 60 34 33 
0.407097288676236 5.649999999999999 67 60 32 33 

67 54 56.919569
0.8871029515108924 16.49 67 60 32 34 35 36 44 46 54 
0.8871029515108924 40.43 67 60 34 35 36 44 46 54 

67 57 12.231377
0.52 12.23 67 60 59 57 

67 58 14.879226
0.4 14.88 67 60 59 58 

67 59 13.339367
0.26 13.34 67 60 59 

67 60 13.339367
0.13 13.34 67 60 

67 61 10.724136
0.78 10.72 67 60 61 

67 62 10.834004
0.37 10.83 67 60 63 62 

67 63 10.834004
0.31 10.83 67 60 63 

67 64 10.834004
0.42 10.83 67 60 63 65 64 

67 65 10.834004
0.33999999999999997 10.83 67 60 63 65 

67 66 10.834004
0.42999999999999994 10.83 67 60 63 65 66 

67 69 194.332498
0.28 194.33 67 69 

69 1 0.580411
1.17 0.58 69 60 30 20 10 11 8 6 3 1 

69 3 2.225744
0.93 2.23 69 60 30 20 10 11 8 6 3 

69 6 5.385822
0.8200000000000001 5.39 69 60 30 20 10 11 8 6 

69 13 12.417476
1.1002254428341387 12.4 69 60 30 20 10 11 8 6 13 
1.1002254428341387 0.019999999999999574 69 60 32 34 33 24 23 21 22 14 13 

69 14 12.417476
1.0501127214170696 12.38 69 60 30 20 10 18 19 16 17 14 
1.0501127214170696 0.019999999999999574 69 60 30 20 21 22 14 
1.0501127214170696 0.019999999999999574 69 60 32 34 33 24 23 21 22 14 

69 20 8.490513
0.49 8.49 69 60 30 20 

69 21 3.624397
0.8 3.62 69 60 30 20 21 

69 22 57.006301
0.9100701631292756 56.93 69 60 30 20 21 22 
0.9100701631292756 0.0799999999999983 69 60 32 34 33 24 23 21 22 

69 29 16.350051
1.0100611620795108 16.33 69 60 30 20 21 22 29 
1.0100611620795108 0.02 69 60 32 34 33 24 23 21 22 29 

69 30 44.807886
0.3 44.81 69 60 30 

69 31 44.807886
0.32999999999999996 44.81 69 60 30 31 

69 32 44.807886
0.29 44.81 69 60 32 

69 33 44.807886
0.45710267857142856 12.98 69 60 32 34 33 
0.45710267857142856 20.19 69 60 32 33 
0.45710267857142856 11.63 69 60 34 33 

69 54 624.560928
0.78 624.56 69 71 36 44 46 54 

69 57 43.638067
0.5700000000000001 43.64 69 60 59 57 

69 58 141.860661
0.45 141.86 69 60 59 58 

69 59 57.598934
0.31 57.6 69 60 59 

69 60 57.598934
0.18 57.6 69 60 

69 61 28.856281
0.8300000000000001 28.86 69 60 61 

69 62 28.685999
0.42 28.69 69 60 63 62 

69 63 28.685999
0.36 28.69 69 60 63 

69 64 28.685999
0.47000000000000003 28.69 69 60 63 65 64 

69 65 28.685999
0.39 28.69 69 60 63 65 

69 66 28.685999
0.48 28.69 69 60 63 65 66 

69 67 310.301041
0.28 310.3 69 67 

