origin destination total_flow
time flow nodes_in_path
1 36 11.722161
1.2300000000000002 0.01 1 3 6 8 11 10 20 30 31 32 34 35 36 
1.2500000000000002 11.71 1 7 13 14 22 29 41 40 39 38 42 43 44 36 

1 64 1.93676
1.2400000000000002 1.24 1 3 6 8 11 10 20 30 60 63 65 64 
1.3000000000000003 0.69 1 3 6 8 11 10 20 30 60 65 64 

1 65 1.93676
1.1600000000000001 1.24 1 3 6 8 11 10 20 30 60 63 65 
1.2200000000000002 0.69 1 3 6 8 11 10 20 30 60 65 

1 66 1.93676
1.2500000000000002 1.24 1 3 6 8 11 10 20 30 60 63 65 66 
1.3100000000000003 0.69 1 3 6 8 11 10 20 30 60 65 66 

13 64 2.007117
1.1700000000000002 1.29 13 6 8 11 10 20 30 60 63 65 64 
1.23 0.7199999999999998 13 6 8 11 10 20 30 60 65 64 

13 65 2.007117
1.09 1.29 13 6 8 11 10 20 30 60 63 65 
1.15 0.7199999999999998 13 6 8 11 10 20 30 60 65 

13 66 2.007117
1.1800000000000002 1.29 13 6 8 11 10 20 30 60 63 65 66 
1.24 0.7199999999999998 13 6 8 11 10 20 30 60 65 66 

14 30 10.879468
0.73 10.87 14 22 21 20 30 
0.7500000000000002 0.01 14 22 21 23 24 33 34 32 31 30 

14 31 10.879468
0.72 0.01 14 22 23 24 33 32 31 
0.76 10.87 14 22 21 20 30 31 

14 64 2.007117
1.03 1.29 14 22 23 24 33 34 60 63 65 64 
1.0900000000000003 0.71 14 22 21 23 24 33 34 60 65 64 

14 65 2.007117
0.95 1.29 14 22 23 24 33 34 60 63 65 
1.0100000000000002 0.71 14 22 21 23 24 33 34 60 65 

14 66 2.007117
1.04 1.29 14 22 23 24 33 34 60 63 65 66 
1.1000000000000003 0.71 14 22 21 23 24 33 34 60 65 66 

14 69 9.568677
0.96 9.56 14 22 23 24 33 34 60 69 
1.03 0.01 14 22 21 20 30 60 69 

16 20 62.737552
0.44000000000000006 0.06 16 22 21 20 
0.45000000000000007 62.68 16 19 18 10 20 

17 20 62.737552
0.46 0.06 17 16 22 21 20 
0.4700000000000001 62.68 17 16 19 18 10 20 

20 14 18.287751
0.56 18.28 20 10 18 19 16 17 14 
0.58 0.01 20 21 22 14 

20 21 45.27844
0.32 33.8 20 21 
0.4 11.48 20 10 18 21 

20 22 35.129881
0.43 0.07 20 21 22 
0.48 35.06 20 10 18 19 16 22 

20 29 33.350341
0.53 0.07 20 21 22 29 
0.58 33.28 20 10 18 19 16 22 29 

20 37 22.259766
0.6 16.62 20 21 23 24 26 28 37 
0.68 5.64 20 10 18 21 23 24 26 28 37 

20 38 22.259766
0.65 16.62 20 21 23 24 26 28 37 38 
0.7300000000000001 5.64 20 10 18 21 23 24 26 28 37 38 

20 39 22.259766
0.68 0.05 20 21 22 29 41 40 39 
0.73 22.21 20 10 18 19 16 22 29 41 40 39 

20 40 22.259766
0.66 0.05 20 21 22 29 41 40 
0.71 22.21 20 10 18 19 16 22 29 41 40 

20 48 15.777547
0.93 0.03 20 21 22 29 41 40 39 48 
0.98 15.74 20 10 18 19 16 22 29 41 40 39 48 

20 49 8.825479
1.18 0.02 20 21 22 29 41 49 
1.23 8.81 20 10 18 19 16 22 29 41 49 

20 50 9.573856
1.3699999999999999 0.02 20 21 22 29 41 49 50 
1.42 9.55 20 10 18 19 16 22 29 41 49 50 

20 51 9.573856
1.3900000000000001 0.02 20 21 22 29 41 40 39 48 52 51 
1.44 9.55 20 10 18 19 16 22 29 41 40 39 48 52 51 

20 52 4.553094
1.1800000000000002 0.01 20 21 22 29 41 40 39 48 52 
1.23 4.54 20 10 18 19 16 22 29 41 40 39 48 52 

20 53 4.532077
1.08 4.51 20 30 31 32 34 35 36 44 46 54 53 
1.18 0.02 20 10 18 19 16 22 29 41 40 39 48 53 

20 64 7.642929
0.5599999999999999 4.91 20 30 60 63 65 64 
0.62 2.7299999999999995 20 30 60 65 64 

20 65 7.642929
0.48 4.91 20 30 60 63 65 
0.54 2.7299999999999995 20 30 60 65 

20 66 7.642929
0.57 4.91 20 30 60 63 65 66 
0.63 2.7299999999999995 20 30 60 65 66 

21 30 343.118218
0.47000000000000003 342.9 21 20 30 
0.49 0.22 21 23 24 33 34 32 31 30 

21 31 343.118218
0.46 0.36 21 23 24 33 32 31 
0.5 342.76 21 20 30 31 

21 32 343.118218
0.4 343.01 21 23 24 33 32 
0.51 0.09999999999999432 21 23 24 26 27 33 34 32 

21 33 343.118218
0.30000000000000004 343.01 21 23 24 33 
0.41000000000000003 0.11 21 23 24 26 27 33 

21 64 2.594958
0.77 1.67 21 23 24 33 34 60 63 65 64 
0.83 0.9199999999999999 21 23 24 33 34 60 65 64 

21 65 2.594958
0.6900000000000001 1.67 21 23 24 33 34 60 63 65 
0.75 0.9199999999999999 21 23 24 33 34 60 65 

21 66 2.594958
0.78 1.67 21 23 24 33 34 60 63 65 66 
0.84 0.9199999999999999 21 23 24 33 34 60 65 66 

21 69 113.704639
0.7 113.6 21 23 24 33 34 60 69 
0.77 0.1 21 20 30 60 69 

22 30 18.184193
0.5800000000000001 18.17 22 21 20 30 
0.6000000000000001 0.00999999999999801 22 21 23 24 33 34 32 31 30 

22 31 18.184193
0.5700000000000001 0.02 22 23 24 33 32 31 
0.6100000000000001 18.169999999999998 22 21 20 30 31 

22 64 2.091389
0.88 1.34 22 23 24 33 32 60 63 65 64 
0.9400000000000001 0.7499999999999998 22 21 23 24 33 34 60 65 64 

22 65 2.091389
0.8 1.34 22 23 24 33 32 60 63 65 
0.8600000000000001 0.7499999999999998 22 21 23 24 33 34 60 65 

22 66 2.091389
0.89 1.34 22 23 24 33 32 60 63 65 66 
0.9500000000000001 0.7499999999999998 22 21 23 24 33 34 60 65 66 

22 69 13.610696
0.81 13.59 22 23 24 33 32 60 69 
0.8800000000000001 0.01 22 21 20 30 60 69 

23 59 142.622365
0.5700000000000001 142.57 23 24 33 32 60 59 
0.67 0.05 23 21 20 58 59 

23 60 142.622365
0.44 142.57999999999998 23 24 33 32 60 
0.55 0.039999999999984936 23 24 26 27 33 34 32 60 

23 61 49.334142
1.09 49.32000000000001 23 24 33 32 60 61 
1.2000000000000002 0.009999999999990905 23 24 26 27 33 34 32 60 61 

23 62 42.32433
0.6499999999999999 42.31 23 24 33 32 60 63 62 
0.8800000000000001 0.009999999999996234 23 24 26 27 33 34 32 60 65 63 62 

23 63 42.32433
0.59 42.31 23 24 33 32 60 63 
0.8200000000000001 0.009999999999996234 23 24 26 27 33 34 32 60 65 63 

23 64 42.32433
0.7 27.18 23 24 33 32 60 63 65 64 
0.76 15.130000000000003 23 24 33 34 60 65 64 
0.87 0.009999999999996234 23 24 26 27 33 34 32 60 65 64 

23 65 42.32433
0.62 27.18 23 24 33 32 60 63 65 
0.68 15.130000000000003 23 24 33 34 60 65 
0.79 0.009999999999996234 23 24 26 27 33 34 32 60 65 

23 66 42.32433
0.71 27.18 23 24 33 32 60 63 65 66 
0.77 15.130000000000003 23 24 33 34 60 65 66 
0.88 0.009999999999996234 23 24 26 27 33 34 32 60 65 66 

23 67 55.673431
0.5700000000000001 55.66 23 24 33 32 60 67 
0.68 0.010000000000001563 23 24 26 27 33 34 32 60 67 

24 59 142.622365
0.53 142.57 24 33 34 60 59 
0.7100000000000001 0.05 24 23 21 20 58 59 

24 60 142.622365
0.4 142.57999999999998 24 33 34 60 
0.51 0.039999999999984936 24 26 27 33 34 32 60 

24 61 49.334142
1.05 49.32000000000001 24 33 34 60 61 
1.1600000000000001 0.00999999999999801 24 26 27 33 34 32 60 61 

24 62 42.32433
0.6100000000000001 42.31 24 33 34 60 63 62 
0.8400000000000001 0.009999999999996234 24 26 27 33 34 32 60 65 63 62 

24 63 42.32433
0.55 42.31 24 33 34 60 63 
0.78 0.009999999999996234 24 26 27 33 34 32 60 65 63 

24 64 42.32433
0.66 27.18 24 33 34 60 63 65 64 
0.72 15.130000000000003 24 33 34 60 65 64 
0.83 0.009999999999996234 24 26 27 33 34 32 60 65 64 

24 65 42.32433
0.5800000000000001 27.18 24 33 34 60 63 65 
0.64 15.130000000000003 24 33 34 60 65 
0.75 0.009999999999996234 24 26 27 33 34 32 60 65 

24 66 42.32433
0.67 27.18 24 33 34 60 63 65 66 
0.73 15.130000000000003 24 33 34 60 65 66 
0.84 0.009999999999996234 24 26 27 33 34 32 60 65 66 

24 67 55.673431
0.53 55.66 24 33 34 60 67 
0.64 0.010000000000005116 24 26 27 33 34 32 60 67 

25 59 142.622365
0.56 142.57 25 24 33 32 60 59 
0.7400000000000001 0.05 25 24 23 21 20 58 59 

25 60 142.622365
0.43 142.57999999999998 25 24 33 32 60 
0.54 0.039999999999984936 25 24 26 27 33 34 32 60 

25 61 49.334142
1.08 49.32000000000001 25 24 33 32 60 61 
1.19 0.009999999999990905 25 24 26 27 33 34 32 60 61 

25 62 42.32433
0.6399999999999999 42.31 25 24 33 32 60 63 62 
0.8700000000000001 0.009999999999996234 25 24 26 27 33 34 32 60 65 63 62 

25 63 42.32433
0.58 42.31 25 24 33 32 60 63 
0.81 0.009999999999996234 25 24 26 27 33 34 32 60 65 63 

25 64 42.32433
0.69 27.18 25 24 33 32 60 63 65 64 
0.75 15.130000000000003 25 24 33 34 60 65 64 
0.86 0.009999999999996234 25 24 26 27 33 34 32 60 65 64 

25 65 42.32433
0.61 27.18 25 24 33 32 60 63 65 
0.67 15.130000000000003 25 24 33 34 60 65 
0.78 0.009999999999996234 25 24 26 27 33 34 32 60 65 

25 66 42.32433
0.7 27.18 25 24 33 32 60 63 65 66 
0.76 15.130000000000003 25 24 33 34 60 65 66 
0.87 0.009999999999996234 25 24 26 27 33 34 32 60 65 66 

25 67 55.673431
0.56 55.66 25 24 33 32 60 67 
0.67 0.010000000000001563 25 24 26 27 33 34 32 60 67 

26 59 142.622365
0.55 107.59 26 24 33 32 60 59 
0.62 35.029999999999994 26 27 33 34 32 60 59 

26 60 142.622365
0.42 107.59 26 24 33 32 60 
0.49 35.029999999999994 26 27 33 34 32 60 

26 61 49.334142
1.07 37.22 26 24 33 32 60 61 
1.1400000000000001 12.109999999999996 26 27 33 34 32 60 61 

26 62 42.32433
0.6299999999999999 31.93 26 24 33 32 60 63 62 
0.7 10.380000000000003 26 27 33 34 32 60 63 62 
0.8200000000000001 0.009999999999996234 26 27 33 34 60 65 63 62 

26 63 42.32433
0.57 31.93 26 24 33 32 60 63 
0.64 10.380000000000003 26 27 33 34 32 60 63 
0.76 0.009999999999996234 26 27 33 34 60 65 63 

26 64 42.32433
0.6799999999999999 27.18 26 24 33 32 60 63 65 64 
0.74 4.75 26 24 33 34 60 65 64 
0.8099999999999999 10.389999999999999 26 27 33 34 32 60 65 64 

26 65 42.32433
0.6 27.18 26 24 33 32 60 63 65 
0.66 4.75 26 24 33 34 60 65 
0.73 10.389999999999999 26 27 33 34 32 60 65 

26 66 42.32433
0.69 27.18 26 24 33 32 60 63 65 66 
0.75 4.75 26 24 33 34 60 65 66 
0.82 10.389999999999999 26 27 33 34 32 60 65 66 

26 67 55.673431
0.55 42.0 26 24 33 32 60 67 
0.62 13.670000000000002 26 27 33 34 32 60 67 

29 31 8.29172
0.6699999999999999 0.01 29 22 23 24 33 32 31 
0.7100000000000001 8.28 29 22 21 20 30 31 

29 64 1.949547
0.98 1.25 29 22 23 24 33 32 60 63 65 64 
1.04 0.7 29 22 21 23 24 33 34 60 65 64 

29 65 1.949547
0.9 1.25 29 22 23 24 33 32 60 63 65 
0.9600000000000001 0.7 29 22 21 23 24 33 34 60 65 

29 66 1.949547
0.99 1.25 29 22 23 24 33 32 60 63 65 66 
1.05 0.7 29 22 21 23 24 33 34 60 65 66 

30 23 658.05059
0.47000000000000003 0.42 30 31 32 34 33 24 23 
0.53 1.74 30 31 23 
0.5800000000000001 490.17 30 20 21 23 
0.6599999999999999 165.71999999999997 30 20 10 18 21 23 

30 24 658.05059
0.43 214.29 30 31 32 33 24 
0.55 0.09999999999999432 30 31 32 34 33 27 26 24 
0.5700000000000001 0.33 30 31 23 24 
0.6200000000000001 409.75 30 20 21 23 24 
0.7 33.579999999999984 30 20 10 18 21 23 24 

30 25 658.05059
0.45999999999999996 214.29 30 31 32 33 24 25 
0.5800000000000001 0.09999999999999432 30 31 32 34 33 27 26 24 25 
0.6000000000000001 0.33 30 31 23 24 25 
0.6500000000000001 409.75 30 20 21 23 24 25 
0.73 33.579999999999984 30 20 10 18 21 23 24 25 

30 26 658.05059
0.45 16.69 30 31 32 33 24 26 
0.53 157.42 30 31 32 33 27 26 
0.54 162.59 30 31 32 33 27 28 26 
0.5900000000000001 0.06 30 31 23 24 26 
0.6400000000000001 318.98 30 20 21 23 24 26 
0.72 2.2999999999999545 30 20 10 18 21 23 24 26 

30 35 188.593258
0.27 188.35 30 31 32 34 35 
0.45 0.24 30 60 34 35 

30 36 127.05706
0.36 126.9 30 31 32 34 35 36 
0.54 0.1599999999999966 30 60 34 35 36 

30 43 74.977687
0.55 74.88 30 31 32 34 35 36 44 43 
0.73 0.1 30 60 34 35 36 44 43 

30 44 74.977687
0.48 74.88 30 31 32 34 35 36 44 
0.66 0.1 30 60 34 35 36 44 

30 45 74.977687
0.56 74.88 30 31 32 34 35 36 44 46 45 
0.7400000000000001 0.1 30 60 34 35 36 44 46 45 

30 46 74.977687
0.53 74.88 30 31 32 34 35 36 44 46 
0.7100000000000001 0.1 30 60 34 35 36 44 46 

30 54 10.748869
0.6900000000000001 10.74 30 31 32 34 35 36 44 46 54 
0.8700000000000001 0.009999999999999787 30 60 34 35 36 44 46 54 

30 57 15.833958
0.5 15.83 30 60 59 57 
0.54 0.01 30 20 58 57 

30 64 12.688184
0.37000000000000005 8.15 30 60 63 65 64 
0.43 4.539999999999999 30 60 65 64 

30 65 12.688184
0.29000000000000004 8.15 30 60 63 65 
0.35 4.539999999999999 30 60 65 

30 66 12.688184
0.38 8.15 30 60 63 65 66 
0.43999999999999995 4.539999999999999 30 60 65 66 

31 23 658.05059
0.44 0.63 31 32 34 33 24 23 
0.5 655.85 31 23 
0.6100000000000001 0.99 31 30 20 21 23 
0.69 0.58 31 30 20 10 18 21 23 

31 24 658.05059
0.4 615.33 31 32 33 24 
0.52 0.1 31 32 34 33 27 26 24 
0.53 0.08 31 32 34 33 27 28 26 24 
0.54 42.03 31 23 24 
0.6500000000000001 0.5 31 30 20 21 23 24 

31 25 658.05059
0.43000000000000005 615.33 31 32 33 24 25 
0.55 0.1 31 32 34 33 27 26 24 25 
0.56 0.08 31 32 34 33 27 28 26 24 25 
0.5700000000000001 42.03 31 23 24 25 
0.6800000000000002 0.5 31 30 20 21 23 24 25 

31 26 658.05059
0.42000000000000004 34.58 31 32 33 24 26 
0.5 236.81 31 32 33 27 26 
0.51 378.84999999999997 31 32 33 27 28 26 
0.56 7.58 31 23 24 26 
0.6700000000000002 0.2200000000000042 31 30 20 21 23 24 26 

31 35 188.593258
0.24 188.35 31 32 34 35 
0.38 0.14 31 32 33 34 35 
0.48 0.1 31 30 60 34 35 

31 36 127.05706
0.32999999999999996 126.9 31 32 34 35 36 
0.47 0.0899999999999892 31 32 33 34 35 36 
0.57 0.07 31 30 60 34 35 36 

31 43 74.977687
0.52 74.88 31 32 34 35 36 44 43 
0.6599999999999999 0.05 31 32 33 34 35 36 44 43 
0.76 0.04 31 30 60 34 35 36 44 43 

31 44 74.977687
0.44999999999999996 74.88 31 32 34 35 36 44 
0.59 0.05 31 32 33 34 35 36 44 
0.69 0.04 31 30 60 34 35 36 44 

31 45 74.977687
0.5299999999999999 74.88 31 32 34 35 36 44 46 45 
0.67 0.05 31 32 33 34 35 36 44 46 45 
0.77 0.04 31 30 60 34 35 36 44 46 45 

31 46 74.977687
0.49999999999999994 74.88 31 32 34 35 36 44 46 
0.64 0.05 31 32 33 34 35 36 44 46 
0.74 0.04 31 30 60 34 35 36 44 46 

31 54 10.748869
0.6599999999999999 10.74 31 32 34 35 36 44 46 54 
0.9 0.009999999999999787 31 30 60 34 35 36 44 46 54 

31 64 12.688184
0.4000000000000001 8.15 31 30 60 63 65 64 
0.46 4.539999999999999 31 30 60 65 64 

31 65 12.688184
0.32000000000000006 8.15 31 30 60 63 65 
0.38 4.539999999999999 31 30 60 65 

31 66 12.688184
0.41000000000000003 8.15 31 30 60 63 65 66 
0.47 4.539999999999999 31 30 60 65 66 

32 23 658.05059
0.37999999999999995 657.16 32 33 24 23 
0.5 0.38 32 34 33 27 26 24 23 
0.51 0.45999999999999996 32 34 33 27 28 26 24 23 
0.56 0.06 32 31 23 

32 24 658.05059
0.33999999999999997 657.21 32 33 24 
0.46 0.38 32 34 33 27 26 24 
0.47000000000000003 0.459999999999975 32 34 33 27 28 26 24 

32 25 658.05059
0.37 657.21 32 33 24 25 
0.49 0.38 32 34 33 27 26 24 25 
0.5 0.45999999999991814 32 34 33 27 28 26 24 25 

32 26 658.05059
0.36 34.81 32 33 24 26 
0.44 237.56 32 33 27 26 
0.45 385.68 32 33 27 28 26 

32 35 188.593258
0.18 188.46 32 34 35 
0.32 0.12999999999999545 32 33 34 35 

32 36 127.05706
0.27 126.96 32 34 35 36 
0.41000000000000003 0.09 32 33 34 35 36 

32 43 74.977687
0.46 74.92 32 34 35 36 44 43 
0.6000000000000001 0.05 32 33 34 35 36 44 43 

32 44 74.977687
0.39 74.92 32 34 35 36 44 
0.53 0.05 32 33 34 35 36 44 

32 45 74.977687
0.47 74.92 32 34 35 36 44 46 45 
0.6100000000000001 0.05 32 33 34 35 36 44 46 45 

32 46 74.977687
0.44 74.92 32 34 35 36 44 46 
0.5800000000000001 0.05 32 33 34 35 36 44 46 

32 54 10.748869
0.6 10.74 32 34 35 36 44 46 54 
0.7400000000000001 0.009999999999999787 32 33 34 35 36 44 46 54 

32 57 15.833958
0.5 15.83 32 60 59 57 
0.63 0.01 32 31 30 20 58 57 

32 58 18.989162
0.38 18.98 32 60 59 58 
0.47000000000000003 0.01 32 31 30 20 58 

32 60 15.424837
0.11 15.42 32 60 
0.2 0.01 32 31 30 60 

32 64 12.688184
0.37000000000000005 8.15 32 60 63 65 64 
0.43 4.529999999999999 32 60 65 64 

32 65 12.688184
0.29000000000000004 8.15 32 60 63 65 
0.35 4.529999999999999 32 60 65 

32 66 12.688184
0.38 8.15 32 60 63 65 66 
0.43999999999999995 4.529999999999999 32 60 65 66 

33 23 658.05059
0.26 657.21 33 24 23 
0.38 0.38 33 27 26 24 23 
0.39 0.45999999999991814 33 27 28 26 24 23 

33 24 658.05059
0.22 657.21 33 24 
0.34 0.38 33 27 26 24 
0.35000000000000003 0.45999999999999996 33 27 28 26 24 

33 25 658.05059
0.25 657.21 33 24 25 
0.37 0.38 33 27 26 24 25 
0.38 0.45999999999991814 33 27 28 26 24 25 

33 26 658.05059
0.24 34.81 33 24 26 
0.32 237.56 33 27 26 
0.33 385.68 33 27 28 26 

33 64 12.688184
0.47000000000000003 8.15 33 34 60 63 65 64 
0.53 4.539999999999999 33 34 60 65 64 

33 65 12.688184
0.39 8.15 33 34 60 63 65 
0.45 4.54 33 34 60 65 

33 66 12.688184
0.48 8.15 33 34 60 63 65 66 
0.54 4.539999999999999 33 34 60 65 66 

35 33 181.020679
0.2 180.89 35 34 33 
0.28 0.13 35 34 32 33 

35 64 7.295317
0.53 4.68 35 34 60 63 65 64 
0.59 2.61 35 34 60 65 64 

35 65 7.295317
0.45000000000000007 4.68 35 34 60 63 65 
0.51 2.61 35 34 60 65 

35 66 7.295317
0.54 4.68 35 34 60 63 65 66 
0.6 2.61 35 34 60 65 66 

37 2 15.837108
0.9 0.01 37 38 39 40 41 29 22 16 8 6 3 2 
0.92 15.83 37 28 26 24 23 21 22 16 8 6 3 2 

37 3 15.662349
0.74 0.01 37 38 39 40 41 29 22 16 8 6 3 
0.76 15.65 37 28 26 24 23 21 22 16 8 6 3 

37 6 21.83349
0.63 0.01 37 38 39 40 41 29 22 16 8 6 
0.65 21.819999999999997 37 28 26 24 23 21 22 16 8 6 

37 13 14.567283
0.64 0.01 37 38 39 40 41 29 22 14 13 
0.66 14.56 37 28 26 24 23 21 22 14 13 

37 14 14.567283
0.51 0.01 37 38 39 40 41 29 22 14 
0.53 14.56 37 28 26 24 23 21 22 14 

37 22 24.745023
0.36 0.02 37 38 39 40 41 29 22 
0.38 24.73 37 28 26 24 23 21 22 

37 59 5.028408
0.69 0.01 37 28 26 24 33 32 60 59 
0.74 5.01 37 28 27 33 32 60 59 

37 60 5.028408
0.5599999999999999 0.01 37 28 26 24 33 32 60 
0.61 5.01 37 28 27 33 32 60 

37 62 4.787765
0.77 0.01 37 28 26 24 33 32 60 63 62 
0.8200000000000001 4.779999999999999 37 28 27 33 32 60 63 62 

37 63 4.787765
0.71 0.01 37 28 26 24 33 32 60 63 
0.76 4.779999999999999 37 28 27 33 32 60 63 

37 64 4.787765
0.82 0.01 37 28 26 24 33 32 60 63 65 64 
0.87 3.06 37 28 27 33 32 60 63 65 64 
0.93 1.71 37 28 27 33 34 60 65 64 

37 65 4.787765
0.74 0.01 37 28 26 24 33 32 60 63 65 
0.79 3.06 37 28 27 33 32 60 63 65 
0.8500000000000001 1.71 37 28 27 33 34 60 65 

37 66 4.787765
0.83 0.01 37 28 26 24 33 32 60 63 65 66 
0.88 3.06 37 28 27 33 32 60 63 65 66 
0.9400000000000001 1.71 37 28 27 33 34 60 65 66 

37 67 4.906394
0.69 0.01 37 28 26 24 33 32 60 67 
0.74 4.890000000000001 37 28 27 33 32 60 67 

38 59 5.028408
0.74 0.01 38 37 28 26 24 33 34 60 59 
0.7899999999999999 5.01 38 37 28 27 33 32 60 59 

38 60 5.028408
0.61 0.01 38 37 28 26 24 33 34 60 
0.6599999999999999 5.01 38 37 28 27 33 32 60 

38 62 4.787765
0.8200000000000001 0.01 38 37 28 26 24 33 34 60 63 62 
0.8699999999999999 4.779999999999999 38 37 28 27 33 32 60 63 62 

38 63 4.787765
0.76 0.01 38 37 28 26 24 33 34 60 63 
0.8099999999999999 4.779999999999999 38 37 28 27 33 32 60 63 

38 64 4.787765
0.87 0.01 38 37 28 26 24 33 34 60 63 65 64 
0.9199999999999999 3.06 38 37 28 27 33 32 60 63 65 64 
0.98 1.71 38 37 28 27 33 34 60 65 64 

38 65 4.787765
0.79 0.01 38 37 28 26 24 33 34 60 63 65 
0.84 3.06 38 37 28 27 33 32 60 63 65 
0.9 1.71 38 37 28 27 33 34 60 65 

38 66 4.787765
0.88 0.01 38 37 28 26 24 33 34 60 63 65 66 
0.9299999999999999 3.06 38 37 28 27 33 32 60 63 65 66 
0.99 1.71 38 37 28 27 33 34 60 65 66 

38 67 4.906394
0.74 0.01 38 37 28 26 24 33 34 60 67 
0.7899999999999999 4.89 38 37 28 27 33 32 60 67 

39 10 22.518272
0.59 22.5 39 40 41 29 22 16 19 18 10 
0.6 0.019999999999999574 39 38 37 28 26 24 23 21 18 10 

39 59 5.028408
0.79 0.01 39 38 37 28 26 24 33 34 60 59 
0.84 5.01 39 38 37 28 27 33 32 60 59 

39 60 5.028408
0.66 0.01 39 38 37 28 26 24 33 34 60 
0.71 5.01 39 38 37 28 27 33 32 60 

39 62 4.787765
0.8700000000000001 0.01 39 38 37 28 26 24 33 34 60 63 62 
0.9199999999999999 4.779999999999999 39 38 37 28 27 33 32 60 63 62 

39 63 4.787765
0.81 0.01 39 38 37 28 26 24 33 34 60 63 
0.86 4.779999999999999 39 38 37 28 27 33 32 60 63 

39 64 4.787765
0.92 0.01 39 38 37 28 26 24 33 34 60 63 65 64 
0.97 3.06 39 38 37 28 27 33 32 60 63 65 64 
1.03 1.71 39 38 37 28 27 33 34 60 65 64 

39 65 4.787765
0.8400000000000001 0.01 39 38 37 28 26 24 33 34 60 63 65 
0.89 3.06 39 38 37 28 27 33 32 60 63 65 
0.9500000000000001 1.71 39 38 37 28 27 33 34 60 65 

39 66 4.787765
0.93 0.01 39 38 37 28 26 24 33 34 60 63 65 66 
0.98 3.06 39 38 37 28 27 33 32 60 63 65 66 
1.04 1.71 39 38 37 28 27 33 34 60 65 66 

39 67 4.906394
0.79 0.01 39 38 37 28 26 24 33 34 60 67 
0.84 4.89 39 38 37 28 27 33 32 60 67 

40 59 5.028408
0.81 0.01 40 39 38 37 28 26 24 33 34 60 59 
0.86 5.01 40 39 38 37 28 27 33 32 60 59 

40 60 5.028408
0.68 0.01 40 39 38 37 28 26 24 33 34 60 
0.73 5.01 40 39 38 37 28 27 33 32 60 

40 62 4.787765
0.8900000000000001 0.01 40 39 38 37 28 26 24 33 34 60 63 62 
0.94 4.779999999999999 40 39 38 37 28 27 33 32 60 63 62 

40 63 4.787765
0.8300000000000001 0.01 40 39 38 37 28 26 24 33 34 60 63 
0.88 4.779999999999999 40 39 38 37 28 27 33 32 60 63 

40 64 4.787765
0.9400000000000001 0.01 40 39 38 37 28 26 24 33 34 60 63 65 64 
0.99 3.06 40 39 38 37 28 27 33 32 60 63 65 64 
1.05 1.71 40 39 38 37 28 27 33 34 60 65 64 

40 65 4.787765
0.8600000000000001 0.01 40 39 38 37 28 26 24 33 34 60 63 65 
0.91 3.06 40 39 38 37 28 27 33 32 60 63 65 
0.9700000000000001 1.71 40 39 38 37 28 27 33 34 60 65 

40 66 4.787765
0.9500000000000001 0.01 40 39 38 37 28 26 24 33 34 60 63 65 66 
1.0 3.06 40 39 38 37 28 27 33 32 60 63 65 66 
1.06 1.71 40 39 38 37 28 27 33 34 60 65 66 

40 67 4.906394
0.81 0.01 40 39 38 37 28 26 24 33 34 60 67 
0.86 4.89 40 39 38 37 28 27 33 32 60 67 

48 20 4.837528
0.91 4.75 48 39 40 41 29 22 21 20 
0.9299999999999999 0.08 48 74 47 46 44 36 35 34 32 31 30 20 

49 10 8.940253
1.09 8.93 49 48 39 40 41 29 22 16 19 18 10 
1.1 0.009999999999999787 49 48 39 38 37 28 26 24 23 21 18 10 

49 20 7.855097
1.15 7.72 49 48 39 40 41 29 22 21 20 
1.17 0.14 49 48 74 47 46 44 36 35 34 32 31 30 20 

50 10 11.349321
1.28 11.34 50 49 48 39 40 41 29 22 16 19 18 10 
1.29 0.009999999999999787 50 49 48 39 38 37 28 26 24 23 21 18 10 

50 20 9.683341
1.34 9.51 50 49 48 39 40 41 29 22 21 20 
1.36 0.16999999999999993 50 49 48 74 47 46 44 36 35 34 32 31 30 20 

51 10 11.349321
1.31 11.34 51 52 48 39 40 41 29 22 16 19 18 10 
1.32 0.009999999999999787 51 52 48 39 38 37 28 26 24 23 21 18 10 

51 20 9.683341
1.37 9.51 51 52 48 39 40 41 29 22 21 20 
1.3900000000000001 0.16999999999999993 51 52 48 74 47 46 44 36 35 34 32 31 30 20 

52 20 4.692664
1.15 4.61 52 48 39 40 41 29 22 21 20 
1.17 0.08 52 48 74 47 46 44 36 35 34 32 31 30 20 

54 33 9.646155
0.6100000000000001 9.64 54 46 44 36 35 34 33 
0.6900000000000001 0.009999999999999787 54 46 44 36 35 34 32 33 

54 64 8.54667
0.9400000000000001 5.49 54 46 44 36 35 34 60 63 65 64 
1.0 3.0599999999999996 54 46 44 36 35 34 60 65 64 

54 65 8.54667
0.8600000000000001 5.49 54 46 44 36 35 34 60 63 65 
0.92 3.0599999999999996 54 46 44 36 35 34 60 65 

54 66 8.54667
0.9500000000000001 5.49 54 46 44 36 35 34 60 63 65 66 
1.01 3.0599999999999996 54 46 44 36 35 34 60 65 66 

54 69 562.289671
0.76 537.29 54 46 44 36 71 69 
0.77 25.0 54 46 44 36 35 71 69 

57 23 27.201724
0.74 20.3 57 58 20 21 23 
0.8200000000000001 6.899999999999999 57 58 20 10 18 21 23 

57 24 27.201724
0.78 20.3 57 58 20 21 23 24 
0.8600000000000001 6.899999999999999 57 58 20 10 18 21 23 24 

57 25 27.201724
0.81 20.3 57 58 20 21 23 24 25 
0.8900000000000001 6.899999999999999 57 58 20 10 18 21 23 24 25 

57 26 27.201724
0.8 20.3 57 58 20 21 23 24 26 
0.8800000000000001 6.899999999999999 57 58 20 10 18 21 23 24 26 

57 30 31.207997
0.52 0.04 57 59 60 30 
0.54 31.17 57 58 20 30 

57 31 31.207997
0.55 0.04 57 59 60 30 31 
0.5700000000000001 31.17 57 58 20 30 31 

57 32 31.207997
0.51 23.68 57 59 60 32 
0.5700000000000001 7.52 57 59 72 60 32 
0.6300000000000001 0.01 57 58 20 30 31 32 

57 33 31.207997
0.63 0.05 57 59 60 32 33 
0.6799999999999999 23.63 57 59 60 34 33 
0.74 7.52 57 59 72 60 34 33 
0.7500000000000002 0.009999999999999998 57 58 20 30 31 32 34 33 

57 35 9.65516
0.6900000000000001 0.01 57 59 60 32 34 35 
0.74 7.32 57 59 60 34 35 
0.8 2.33 57 59 72 60 34 35 

57 50 157.185283
1.61 0.1 57 59 60 32 34 35 36 44 46 47 74 48 49 50 
1.6600000000000001 119.17 57 59 60 34 35 36 44 46 47 74 48 49 50 
1.7199999999999998 37.919999999999995 57 58 20 21 22 29 41 49 50 

57 51 157.185283
1.6300000000000001 0.1 57 59 60 32 34 35 36 44 46 47 74 48 52 51 
1.69 119.17 57 59 60 34 35 36 44 46 54 53 52 51 
1.75 37.91000000000001 57 59 72 60 34 35 36 44 46 54 53 52 51 

57 54 16.79222
1.11 0.01 57 59 60 32 34 35 36 44 46 54 
1.16 12.73 57 59 60 34 35 36 44 46 54 
1.22 4.049999999999997 57 59 72 60 34 35 36 44 46 54 

57 60 34.470231
0.4 26.16 57 59 60 
0.46 8.309999999999999 57 59 72 60 

57 61 23.341177
1.05 17.71 57 59 60 61 
1.11 5.629999999999999 57 59 72 60 61 

57 62 21.093195
0.6100000000000001 16.01 57 59 60 63 62 
0.6699999999999999 5.079999999999998 57 59 72 60 63 62 

57 63 21.093195
0.55 16.01 57 59 60 63 
0.61 5.079999999999998 57 59 72 60 63 

57 64 21.093195
0.66 13.55 57 59 60 63 65 64 
0.72 2.460000000000001 57 59 60 65 64 
0.7799999999999999 5.079999999999998 57 59 72 60 65 64 

57 65 21.093195
0.5800000000000001 13.55 57 59 60 63 65 
0.64 2.460000000000001 57 59 60 65 
0.7 5.079999999999998 57 59 72 60 65 

57 66 21.093195
0.67 13.55 57 59 60 63 65 66 
0.73 2.460000000000001 57 59 60 65 66 
0.7899999999999999 5.079999999999998 57 59 72 60 65 66 

57 67 24.06731
0.53 18.26 57 59 60 67 
0.5900000000000001 5.809999999999999 57 59 72 60 67 

57 69 29.464662
0.5900000000000001 22.36 57 59 60 69 
0.65 7.100000000000001 57 59 72 60 69 

58 14 14.842005
0.7500000000000001 14.83 58 20 10 18 19 16 17 14 
0.77 0.009999999999999787 58 20 21 22 14 

58 21 29.697176
0.51 22.17 58 20 21 
0.59 7.529999999999998 58 20 10 18 21 

58 22 24.790304
0.62 0.05 58 20 21 22 
0.6700000000000002 24.74 58 20 10 18 19 16 22 

58 29 23.706615
0.72 0.05 58 20 21 22 29 
0.7700000000000001 23.66 58 20 10 18 19 16 22 29 

58 32 24.997455
0.37 18.97 58 59 60 32 
0.43 6.02 58 59 72 60 32 
0.47000000000000003 0.01 58 20 30 31 32 

58 33 24.997455
0.49 0.04 58 59 60 32 33 
0.54 18.929999999999996 58 59 60 34 33 
0.5900000000000001 0.009999999999999998 58 20 30 31 32 34 33 
0.6000000000000001 6.02 58 59 72 60 34 33 

58 35 8.85386
0.55 0.01 58 59 60 32 34 35 
0.6 6.71 58 59 60 34 35 
0.66 2.13 58 59 72 60 34 35 

58 37 17.462714
0.7900000000000001 13.04 58 20 21 23 24 26 28 37 
0.87 4.420000000000002 58 20 10 18 21 23 24 26 28 37 

58 38 17.462714
0.8400000000000002 13.04 58 20 21 23 24 26 28 37 38 
0.92 4.420000000000002 58 20 10 18 21 23 24 26 28 37 38 

58 39 17.462714
0.87 0.04 58 20 21 22 29 41 40 39 
0.9200000000000002 17.42 58 20 10 18 19 16 22 29 41 40 39 

58 40 17.462714
0.85 0.04 58 20 21 22 29 41 40 
0.9000000000000001 17.42 58 20 10 18 19 16 22 29 41 40 

58 49 8.12843
1.28 0.01 58 59 60 32 34 35 36 44 46 47 74 48 49 
1.33 6.15 58 59 60 34 35 36 44 46 47 74 48 49 
1.3699999999999999 0.01 58 20 21 22 29 41 49 
1.3900000000000001 1.95 58 59 72 60 34 35 36 44 46 47 74 48 49 

58 50 8.669538
1.47 0.01 58 59 60 32 34 35 36 44 46 47 74 48 49 50 
1.52 6.57 58 59 60 34 35 36 44 46 47 74 48 49 50 
1.5599999999999998 0.01 58 20 21 22 29 41 49 50 
1.58 2.08 58 59 72 60 34 35 36 44 46 47 74 48 49 50 

58 51 8.669538
1.49 0.01 58 59 60 32 34 35 36 44 46 47 74 48 52 51 
1.5499999999999998 6.57 58 59 60 34 35 36 44 46 54 53 52 51 
1.6099999999999999 2.08 58 59 72 60 34 35 36 44 46 54 53 52 51 

58 54 14.435015
0.9700000000000001 0.01 58 59 60 32 34 35 36 44 46 54 
1.02 10.94 58 59 60 34 35 36 44 46 54 
1.08 3.48 58 59 72 60 34 35 36 44 46 54 

58 60 23.668492
0.26 17.96 58 59 60 
0.32 5.71 58 59 72 60 

58 61 18.936814
0.91 14.37 58 59 60 61 
0.97 4.57 58 59 72 60 61 

58 62 18.025677
0.47000000000000003 13.68 58 59 60 63 62 
0.53 4.34 58 59 72 60 63 62 
0.6500000000000001 0.009999999999999787 58 59 72 60 65 63 62 

58 63 18.025677
0.41000000000000003 13.68 58 59 60 63 
0.47 4.34 58 59 72 60 63 
0.5900000000000001 0.009999999999999787 58 59 72 60 65 63 

58 64 18.025677
0.52 11.58 58 59 60 63 65 64 
0.58 2.0999999999999996 58 59 60 65 64 
0.64 4.35 58 59 72 60 65 64 

58 65 18.025677
0.44000000000000006 11.58 58 59 60 63 65 
0.5 2.0999999999999996 58 59 60 65 
0.56 4.35 58 59 72 60 65 

58 66 18.025677
0.53 11.58 58 59 60 63 65 66 
0.59 2.0999999999999996 58 59 60 65 66 
0.65 4.35 58 59 72 60 65 66 

58 67 19.992593
0.39 15.17 58 59 60 67 
0.45 4.8199999999999985 58 59 72 60 67 

58 69 22.93063
0.45 17.4 58 59 60 69 
0.51 5.53 58 59 72 60 69 

59 14 9.680315
0.89 9.67 59 58 20 10 18 19 16 17 14 
0.95 0.01 59 60 32 34 33 24 23 21 22 14 

59 21 1.070399
0.65 0.8 59 58 20 21 
0.73 0.27 59 58 20 10 18 21 

59 22 13.726485
0.76 0.02 59 58 20 21 22 
0.7999999999999999 0.009999999999999998 59 60 32 34 33 24 23 21 22 
0.81 13.7 59 58 20 10 18 19 16 22 

59 23 117.686596
0.62 0.08 59 60 32 34 33 24 23 
0.72 87.77 59 58 20 21 23 
0.8 29.84 59 58 20 10 18 21 23 

59 24 117.686596
0.58 0.08 59 60 32 34 33 24 
0.63 0.06 59 60 34 33 24 
0.76 87.77 59 58 20 21 23 24 
0.8400000000000001 29.78 59 58 20 10 18 21 23 24 

59 25 117.686596
0.61 0.08 59 60 32 34 33 24 25 
0.66 0.06 59 60 34 33 24 25 
0.79 87.77 59 58 20 21 23 24 25 
0.8700000000000001 29.78 59 58 20 10 18 21 23 24 25 

59 26 117.686596
0.6 0.09 59 60 32 33 24 26 
0.65 0.05 59 60 34 33 24 26 
0.73 0.08 59 60 34 33 27 26 
0.74 0.07999999999999997 59 60 34 33 27 28 26 
0.78 87.77 59 58 20 21 23 24 26 
0.8 0.02 59 72 60 34 33 27 28 26 
0.8600000000000001 29.59 59 58 20 10 18 21 23 24 26 

59 29 13.372854
0.86 0.02 59 58 20 21 22 29 
0.8999999999999999 0.009999999999999998 59 60 32 34 33 24 23 21 22 29 
0.91 13.34 59 58 20 10 18 19 16 22 29 

59 30 211.109733
0.25 160.19 59 60 30 
0.31 50.92 59 72 60 30 

59 31 211.109733
0.28 160.19 59 60 30 31 
0.33999999999999997 50.92 59 72 60 30 31 

59 32 211.109733
0.24 160.19 59 60 32 
0.3 50.849999999999994 59 72 60 32 
0.43000000000000005 0.07 59 72 60 34 32 

59 33 211.109733
0.36 0.33 59 60 32 33 
0.41 159.86 59 60 34 33 
0.47000000000000003 50.91999999999999 59 72 60 34 33 

59 35 14.018481
0.42 0.01 59 60 32 34 35 
0.47 10.63 59 60 34 35 
0.53 3.379999999999999 59 72 60 34 35 

59 54 33.092327
0.8400000000000001 0.02 59 60 32 34 35 36 44 46 54 
0.89 25.09 59 60 34 35 36 44 46 54 
0.9500000000000001 7.98 59 72 60 34 35 36 44 46 54 

59 61 83.196113
0.78 63.13 59 60 61 
0.8400000000000001 20.07 59 72 60 61 

59 62 58.257931
0.34 44.21 59 60 63 62 
0.39999999999999997 14.030000000000001 59 72 60 63 62 
0.52 0.01999999999999602 59 72 60 65 63 62 

59 63 58.257931
0.28 44.21 59 60 63 
0.33999999999999997 14.030000000000001 59 72 60 63 
0.45999999999999996 0.019999999999999574 59 72 60 65 63 

59 64 58.257931
0.39000000000000007 37.41 59 60 63 65 64 
0.45 6.800000000000004 59 60 65 64 
0.51 14.049999999999997 59 72 60 65 64 

59 65 58.257931
0.31000000000000005 37.41 59 60 63 65 
0.37 6.800000000000004 59 60 65 
0.43 14.049999999999997 59 72 60 65 

59 66 58.257931
0.4 37.41 59 60 63 65 66 
0.45999999999999996 6.800000000000004 59 60 65 66 
0.52 14.049999999999997 59 72 60 65 66 

59 67 86.322694
0.26 65.5 59 60 67 
0.32 20.819999999999993 59 72 60 67 

59 69 251.253473
0.32 190.65 59 60 69 
0.38 60.599999999999994 59 72 60 69 

60 13 9.680315
0.92 9.67 60 30 20 10 11 8 6 13 
0.9500000000000001 0.01 60 32 34 33 24 23 21 22 14 13 

60 14 9.680315
0.8200000000000001 0.01 60 32 34 33 24 23 21 22 14 
0.87 9.67 60 30 20 10 18 19 16 17 14 

60 21 1.070399
0.63 0.8 60 30 20 21 
0.71 0.27 60 30 20 10 18 21 

60 22 13.726485
0.67 0.01 60 32 34 33 24 23 21 22 
0.74 0.019999999999999997 60 30 20 21 22 
0.79 13.7 60 30 20 10 18 19 16 22 

60 23 117.686596
0.48999999999999994 0.14 60 32 33 24 23 
0.54 117.35 60 34 33 24 23 
0.65 0.05 60 30 31 23 
0.6600000000000001 0.03 60 34 33 27 26 24 23 
0.6700000000000002 0.03 60 34 33 27 28 26 24 23 
0.7 0.09 60 30 20 21 23 

60 24 117.686596
0.44999999999999996 0.18 60 32 33 24 
0.5 117.36000000000001 60 34 33 24 
0.6200000000000001 0.03 60 34 33 27 26 24 
0.6300000000000001 0.07999999999998522 60 34 33 27 28 26 24 
0.6900000000000001 0.04 60 30 31 23 24 

60 25 117.686596
0.48 0.18 60 32 33 24 25 
0.53 117.36000000000001 60 34 33 24 25 
0.6500000000000001 0.03 60 34 33 27 26 24 25 
0.6600000000000001 0.07999999999998522 60 34 33 27 28 26 24 25 
0.7200000000000001 0.04 60 30 31 23 24 25 

60 26 117.686596
0.47 0.18 60 32 33 24 26 
0.52 6.05 60 34 33 24 26 
0.6000000000000001 42.49 60 34 33 27 26 
0.6100000000000001 68.96000000000001 60 34 33 27 28 26 

60 29 13.372854
0.77 0.01 60 32 34 33 24 23 21 22 29 
0.84 0.019999999999999997 60 30 20 21 22 29 
0.89 13.34 60 30 20 10 18 19 16 22 29 

60 32 211.109733
0.11 211.04 60 32 
0.24 0.07 60 34 32 

60 33 211.109733
0.22999999999999998 0.33 60 32 33 
0.28 210.78 60 34 33 

60 35 14.018481
0.29000000000000004 0.01 60 32 34 35 
0.33999999999999997 14.01 60 34 35 

60 54 33.092327
0.7100000000000001 0.02 60 32 34 35 36 44 46 54 
0.76 33.07 60 34 35 36 44 46 54 

60 62 58.257931
0.21 58.24 60 63 62 
0.33 0.01999999999999602 60 65 63 62 

60 63 58.257931
0.15 58.24 60 63 
0.27 0.02 60 65 63 

60 64 58.257931
0.26 37.41 60 63 65 64 
0.32 20.85 60 65 64 

60 65 58.257931
0.18 37.41 60 63 65 
0.24 20.85 60 65 

60 66 58.257931
0.27 37.41 60 63 65 66 
0.32999999999999996 20.85 60 65 66 

61 21 1.015204
1.28 0.76 61 60 30 20 21 
1.3599999999999999 0.25 61 60 30 20 10 18 21 

61 22 7.195995
1.3900000000000001 0.01 61 60 30 20 21 22 
1.44 7.18 61 60 30 20 10 18 19 16 22 

61 23 15.216327
1.1400000000000001 0.02 61 60 32 33 24 23 
1.19 15.17 61 60 34 33 24 23 
1.3 0.01 61 60 30 31 23 
1.35 0.01 61 60 30 20 21 23 

61 24 15.216327
1.1 0.02 61 60 32 33 24 
1.15 15.18 61 60 34 33 24 
1.28 0.009999999999999787 61 60 34 33 27 28 26 24 

61 25 15.216327
1.1300000000000001 0.02 61 60 32 33 24 25 
1.18 15.18 61 60 34 33 24 25 
1.31 0.009999999999999787 61 60 34 33 27 28 26 24 25 

61 26 15.216327
1.12 0.02 61 60 32 33 24 26 
1.17 0.78 61 60 34 33 24 26 
1.25 5.49 61 60 34 33 27 26 
1.26 8.92 61 60 34 33 27 28 26 

61 29 7.102218
1.4900000000000002 0.01 61 60 30 20 21 22 29 
1.54 7.09 61 60 30 20 10 18 19 16 22 29 

61 33 16.360618
0.88 0.03 61 60 32 33 
0.9299999999999999 16.33 61 60 34 33 

61 54 11.362737
1.3599999999999999 0.01 61 60 32 34 35 36 44 46 54 
1.4100000000000001 11.35 61 60 34 35 36 44 46 54 

61 64 13.458986
0.91 8.64 61 60 63 65 64 
0.97 4.82 61 60 65 64 

61 65 13.458986
0.8300000000000001 8.64 61 60 63 65 
0.89 4.82 61 60 65 

61 66 13.458986
0.92 8.64 61 60 63 65 66 
0.98 4.82 61 60 65 66 

62 21 0.978248
0.8200000000000001 0.73 62 63 60 30 20 21 
0.9 0.25 62 63 60 30 20 10 18 21 

62 22 6.111092
0.93 0.01 62 63 60 30 20 21 22 
0.9800000000000002 6.1 62 63 60 30 20 10 18 19 16 22 

62 23 10.979506
0.68 0.01 62 63 60 32 33 24 23 
0.7300000000000001 10.95 62 63 60 34 33 24 23 
0.8900000000000001 0.01 62 63 60 30 20 21 23 

62 24 10.979506
0.64 0.02 62 63 60 32 33 24 
0.6900000000000001 10.950000000000001 62 63 60 34 33 24 
0.8200000000000001 0.009999999999999787 62 63 60 34 33 27 28 26 24 

62 25 10.979506
0.67 0.02 62 63 60 32 33 24 25 
0.7200000000000001 10.950000000000001 62 63 60 34 33 24 25 
0.8500000000000001 0.009999999999999787 62 63 60 34 33 27 28 26 24 25 

62 26 10.979506
0.66 0.02 62 63 60 32 33 24 26 
0.7100000000000001 0.5599999999999999 62 63 60 34 33 24 26 
0.79 3.96 62 63 60 34 33 27 26 
0.8 6.44 62 63 60 34 33 27 28 26 

62 29 6.066674
1.03 0.01 62 63 60 30 20 21 22 29 
1.0800000000000003 6.05 62 63 60 30 20 10 18 19 16 22 29 

62 33 11.220804
0.42 0.02 62 63 60 32 33 
0.47000000000000003 11.2 62 63 60 34 33 

62 54 9.048537
0.9 0.01 62 63 60 32 34 35 36 44 46 54 
0.9500000000000001 9.04 62 63 60 34 35 36 44 46 54 

63 21 0.978248
0.77 0.73 63 60 30 20 21 
0.85 0.25 63 60 30 20 10 18 21 

63 22 6.111092
0.88 0.01 63 60 30 20 21 22 
0.9300000000000002 6.1 63 60 30 20 10 18 19 16 22 

63 23 10.979506
0.63 0.01 63 60 32 33 24 23 
0.68 10.95 63 60 34 33 24 23 
0.8400000000000001 0.01 63 60 30 20 21 23 

63 24 10.979506
0.59 0.02 63 60 32 33 24 
0.64 10.950000000000001 63 60 34 33 24 
0.77 0.009999999999999787 63 60 34 33 27 28 26 24 

63 25 10.979506
0.62 0.02 63 60 32 33 24 25 
0.67 10.950000000000001 63 60 34 33 24 25 
0.8 0.009999999999999787 63 60 34 33 27 28 26 24 25 

63 26 10.979506
0.61 0.02 63 60 32 33 24 26 
0.66 0.5599999999999999 63 60 34 33 24 26 
0.74 3.96 63 60 34 33 27 26 
0.75 6.44 63 60 34 33 27 28 26 

63 29 6.066674
0.98 0.01 63 60 30 20 21 22 29 
1.0300000000000002 6.05 63 60 30 20 10 18 19 16 22 29 

63 33 11.220804
0.37 0.02 63 60 32 33 
0.42 11.2 63 60 34 33 

63 54 9.048537
0.8500000000000001 0.01 63 60 32 34 35 36 44 46 54 
0.9 9.04 63 60 34 35 36 44 46 54 

64 21 0.978248
0.8800000000000001 0.73 64 65 63 60 30 20 21 
0.9600000000000001 0.25 64 65 63 60 30 20 10 18 21 

64 22 6.111092
0.9900000000000001 0.01 64 65 63 60 30 20 21 22 
1.0400000000000003 6.1 64 65 63 60 30 20 10 18 19 16 22 

64 23 10.979506
0.74 0.01 64 65 63 60 32 33 24 23 
0.79 10.95 64 65 63 60 34 33 24 23 
0.9500000000000002 0.01 64 65 63 60 30 20 21 23 

64 24 10.979506
0.7 0.02 64 65 63 60 32 33 24 
0.75 10.950000000000001 64 65 63 60 34 33 24 
0.8800000000000001 0.009999999999999787 64 65 63 60 34 33 27 28 26 24 

64 25 10.979506
0.73 0.02 64 65 63 60 32 33 24 25 
0.78 10.950000000000001 64 65 63 60 34 33 24 25 
0.9100000000000001 0.009999999999999787 64 65 63 60 34 33 27 28 26 24 25 

64 26 10.979506
0.72 0.02 64 65 63 60 32 33 24 26 
0.77 0.5599999999999999 64 65 63 60 34 33 24 26 
0.8500000000000001 3.96 64 65 63 60 34 33 27 26 
0.8600000000000001 6.44 64 65 63 60 34 33 27 28 26 

64 29 6.066674
1.09 0.01 64 65 63 60 30 20 21 22 29 
1.1400000000000003 6.05 64 65 63 60 30 20 10 18 19 16 22 29 

64 33 11.220804
0.48 0.02 64 65 63 60 32 33 
0.53 11.2 64 65 63 60 34 33 

64 54 9.048537
0.9600000000000001 0.01 64 65 63 60 32 34 35 36 44 46 54 
1.01 9.04 64 65 63 60 34 35 36 44 46 54 

65 21 0.978248
0.8 0.73 65 63 60 30 20 21 
0.88 0.25 65 63 60 30 20 10 18 21 

65 22 6.111092
0.91 0.01 65 63 60 30 20 21 22 
0.9600000000000002 6.1 65 63 60 30 20 10 18 19 16 22 

65 23 10.979506
0.66 0.01 65 63 60 32 33 24 23 
0.7100000000000001 10.95 65 63 60 34 33 24 23 
0.8700000000000001 0.01 65 63 60 30 20 21 23 

65 24 10.979506
0.62 0.02 65 63 60 32 33 24 
0.67 10.950000000000001 65 63 60 34 33 24 
0.8 0.009999999999999787 65 63 60 34 33 27 28 26 24 

65 25 10.979506
0.65 0.02 65 63 60 32 33 24 25 
0.7000000000000001 10.950000000000001 65 63 60 34 33 24 25 
0.8300000000000001 0.009999999999999787 65 63 60 34 33 27 28 26 24 25 

65 26 10.979506
0.64 0.02 65 63 60 32 33 24 26 
0.6900000000000001 0.5599999999999999 65 63 60 34 33 24 26 
0.77 3.96 65 63 60 34 33 27 26 
0.78 6.44 65 63 60 34 33 27 28 26 

65 29 6.066674
1.01 0.01 65 63 60 30 20 21 22 29 
1.0600000000000003 6.05 65 63 60 30 20 10 18 19 16 22 29 

65 33 11.220804
0.4 0.02 65 63 60 32 33 
0.45 11.2 65 63 60 34 33 

65 54 9.048537
0.8800000000000001 0.01 65 63 60 32 34 35 36 44 46 54 
0.93 9.04 65 63 60 34 35 36 44 46 54 

66 21 0.978248
0.9000000000000001 0.73 66 65 63 60 30 20 21 
0.9800000000000001 0.25 66 65 63 60 30 20 10 18 21 

66 22 6.111092
1.0100000000000002 0.01 66 65 63 60 30 20 21 22 
1.0600000000000003 6.1 66 65 63 60 30 20 10 18 19 16 22 

66 23 10.979506
0.76 0.01 66 65 63 60 32 33 24 23 
0.81 10.95 66 65 63 60 34 33 24 23 
0.9700000000000002 0.01 66 65 63 60 30 20 21 23 

66 24 10.979506
0.72 0.02 66 65 63 60 32 33 24 
0.77 10.950000000000001 66 65 63 60 34 33 24 
0.9000000000000001 0.009999999999999787 66 65 63 60 34 33 27 28 26 24 

66 25 10.979506
0.75 0.02 66 65 63 60 32 33 24 25 
0.8 10.950000000000001 66 65 63 60 34 33 24 25 
0.9300000000000002 0.009999999999999787 66 65 63 60 34 33 27 28 26 24 25 

66 26 10.979506
0.74 0.02 66 65 63 60 32 33 24 26 
0.79 0.5599999999999999 66 65 63 60 34 33 24 26 
0.8700000000000001 3.96 66 65 63 60 34 33 27 26 
0.8800000000000001 6.44 66 65 63 60 34 33 27 28 26 

66 29 6.066674
1.1100000000000003 0.01 66 65 63 60 30 20 21 22 29 
1.1600000000000004 6.05 66 65 63 60 30 20 10 18 19 16 22 29 

66 33 11.220804
0.5 0.02 66 65 63 60 32 33 
0.55 11.2 66 65 63 60 34 33 

66 54 9.048537
0.9800000000000001 0.01 66 65 63 60 32 34 35 36 44 46 54 
1.03 9.04 66 65 63 60 34 35 36 44 46 54 

67 21 0.979881
0.76 0.73 67 60 30 20 21 
0.84 0.25 67 60 30 20 10 18 21 

67 22 6.328726
0.87 0.01 67 60 30 20 21 22 
0.9200000000000002 6.3100000000000005 67 60 30 20 10 18 19 16 22 

67 23 11.91284
0.62 0.01 67 60 32 33 24 23 
0.67 11.88 67 60 34 33 24 23 
0.8300000000000001 0.01 67 60 30 20 21 23 

67 24 11.91284
0.58 0.02 67 60 32 33 24 
0.63 11.88 67 60 34 33 24 
0.76 0.009999999999999787 67 60 34 33 27 28 26 24 

67 25 11.91284
0.61 0.02 67 60 32 33 24 25 
0.66 11.88 67 60 34 33 24 25 
0.79 0.009999999999999787 67 60 34 33 27 28 26 24 25 

67 26 11.91284
0.6 0.02 67 60 32 33 24 26 
0.65 0.61 67 60 34 33 24 26 
0.73 4.3 67 60 34 33 27 26 
0.74 6.9799999999999995 67 60 34 33 27 28 26 

67 29 6.270266
0.97 0.01 67 60 30 20 21 22 29 
1.0200000000000002 6.26 67 60 30 20 10 18 19 16 22 29 

67 33 12.547047
0.36 0.02 67 60 32 33 
0.41 12.53 67 60 34 33 

67 54 56.919569
0.8400000000000001 0.04 67 60 32 34 35 36 44 46 54 
0.89 56.88 67 60 34 35 36 44 46 54 

67 64 10.834004
0.39000000000000007 6.96 67 60 63 65 64 
0.45 3.87 67 60 65 64 

67 65 10.834004
0.31000000000000005 6.96 67 60 63 65 
0.37 3.87 67 60 65 

67 66 10.834004
0.4 6.96 67 60 63 65 66 
0.45999999999999996 3.87 67 60 65 66 

69 13 12.417476
1.1 12.41 69 60 30 20 10 11 8 6 13 
1.13 0.009999999999999787 69 60 32 34 33 24 23 21 22 14 13 

69 14 12.417476
1.0 0.01 69 60 32 34 33 24 23 21 22 14 
1.0500000000000003 12.41 69 60 30 20 10 18 19 16 17 14 

69 21 3.624397
0.81 2.7 69 60 30 20 21 
0.89 0.9199999999999999 69 60 30 20 10 18 21 

69 22 57.006301
0.85 0.04 69 60 32 34 33 24 23 21 22 
0.92 0.07999999999999999 69 60 30 20 21 22 
0.9700000000000002 56.89 69 60 30 20 10 18 19 16 22 

69 29 16.350051
0.95 0.01 69 60 32 34 33 24 23 21 22 29 
1.02 0.019999999999999997 69 60 30 20 21 22 29 
1.0700000000000003 16.32 69 60 30 20 10 18 19 16 22 29 

69 32 44.807886
0.29 44.79 69 60 32 
0.42000000000000004 0.01 69 60 34 32 

69 33 44.807886
0.41 0.07 69 60 32 33 
0.46 44.74 69 60 34 33 

69 62 28.685999
0.38999999999999996 28.68 69 60 63 62 
0.51 0.01 69 60 65 63 62 

69 63 28.685999
0.32999999999999996 28.68 69 60 63 
0.44999999999999996 0.01 69 60 65 63 

69 64 28.685999
0.44 18.42 69 60 63 65 64 
0.5 10.26 69 60 65 64 

69 65 28.685999
0.36 18.42 69 60 63 65 
0.42 10.26 69 60 65 

69 66 28.685999
0.44999999999999996 18.42 69 60 63 65 66 
0.51 10.26 69 60 65 66 

