origin destination total_flow
time flow nodes_in_path
1 2 100.0
6.01 100.0 1 2 

1 3 100.0
4.03 100.0 1 3 

1 4 500.0
8.7 500.0 1 3 4 

1 5 200.0
11.079999999999998 199.59 1 3 4 5 
19.7 0.41 1 2 6 5 

1 6 300.0
13.36 299.55 1 2 6 
17.5 0.45 1 3 4 5 6 

1 7 500.0
35.03 497.12 1 2 6 8 7 
43.48 0.5099999999999909 1 2 6 8 16 18 7 
47.61999999999999 0.7599999999999909 1 3 4 5 6 8 16 18 7 
50.95000000000001 0.28 1 3 12 13 24 21 20 18 7 
54.67999999999999 1.13 1 3 4 5 9 8 16 18 7 
61.620000000000005 0.19999999999999996 1 3 4 11 14 15 19 20 18 7 

1 8 800.0
28.38 796.98 1 2 6 8 
32.519999999999996 1.21 1 3 4 5 6 8 
39.58 1.81 1 3 4 5 9 8 

1 9 500.0
22.279999999999998 498.98 1 3 4 5 9 
30.9 0.6299999999999955 1 2 6 5 9 
36.32 0.37999999999999545 1 3 12 11 10 9 

1 10 1300.0
27.949999999999996 1025.66 1 3 4 5 9 10 
29.11 252.63999999999987 1 3 4 11 10 
30.57 20.050000000000125 1 3 12 11 10 
36.57 1.1399999999998727 1 2 6 5 9 10 
57.22 0.5099999999998204 1 3 12 11 14 15 10 

1 11 500.0
17.16 486.21 1 3 4 11 
18.62 13.350000000000023 1 3 12 11 
48.59 0.44 1 2 6 5 9 10 11 

1 12 200.0
8.120000000000001 200.0 1 3 12 

1 13 500.0
11.180000000000001 500.0 1 3 12 13 

1 14 300.0
29.71 289.56 1 3 4 11 14 
31.17 7.839999999999975 1 3 12 11 14 
37.480000000000004 2.34 1 3 12 13 24 23 14 
76.16000000000001 0.26 1 2 6 5 9 10 15 22 23 14 

1 15 500.0
41.6 27.43 1 3 4 11 14 15 
42.029999999999994 382.39 1 3 4 5 9 10 15 
43.19 80.16 1 3 4 11 10 15 
44.65 8.91 1 3 12 11 10 15 
46.64 0.39 1 3 12 13 24 21 22 15 
50.65 0.4399999999999977 1 2 6 5 9 10 15 
58.10000000000001 0.2799999999999999 1 3 12 13 24 21 20 19 15 

1 16 500.0
38.03 409.08 1 2 6 8 16 
40.49 88.55000000000001 1 2 6 8 7 18 16 
44.629999999999995 0.7599999999999909 1 3 4 5 6 8 7 18 16 
51.69 1.1299999999999955 1 3 4 5 9 8 7 18 16 
52.250000000000014 0.28 1 3 12 13 24 21 20 18 16 
62.92000000000001 0.19999999999999996 1 3 4 11 14 15 19 20 18 16 

1 17 400.0
45.03 5.25 1 2 6 8 16 17 
45.25999999999999 310.98 1 3 4 5 9 10 17 
46.42 75.75 1 3 4 11 10 17 
47.879999999999995 5.539999999999964 1 3 12 11 10 17 
51.730000000000004 1.5 1 3 12 11 14 15 19 17 
53.32 0.09000000000003627 1 3 12 11 10 15 19 17 
55.31 0.31 1 3 12 13 24 21 22 15 19 17 
58.48000000000001 0.22000000000000003 1 3 12 13 24 21 20 19 17 
59.32 0.34999999999996373 1 2 6 5 9 10 15 19 17 

1 18 100.0
37.11 98.83 1 2 6 8 7 18 
41.4 0.7000000000000028 1 2 6 8 16 18 
45.53999999999999 0.15 1 3 4 5 6 8 16 18 
48.87000000000001 0.06 1 3 12 13 24 21 20 18 
52.599999999999994 0.21999999999999723 1 3 4 5 9 8 16 18 
59.540000000000006 0.04 1 3 4 11 14 15 19 20 18 

1 19 300.0
45.74 16.46 1 3 4 11 14 15 19 
46.169999999999995 229.25 1 3 4 5 9 10 15 19 
47.33 48.089999999999996 1 3 4 11 10 15 19 
48.79 5.35 1 3 12 11 10 15 19 
49.58 0.19 1 2 6 8 16 17 19 
50.78 0.23 1 3 12 13 24 21 22 15 19 
53.95000000000001 0.17 1 3 12 13 24 21 20 19 
54.79 0.2599999999999909 1 2 6 5 9 10 15 19 

1 20 300.0
41.49 292.05 1 2 6 8 7 18 20 
44.49000000000001 4.85 1 3 12 13 24 21 20 
45.78 1.849999999999966 1 2 6 8 16 18 20 
49.919999999999995 0.45 1 3 4 5 6 8 16 18 20 
55.160000000000004 0.12 1 3 4 11 14 15 19 20 
56.98 0.6799999999999955 1 3 4 5 9 8 16 18 20 

1 21 100.0
36.190000000000005 99.47 1 3 12 13 24 21 
49.88 0.37 1 2 6 8 7 18 20 21 
61.08 0.06 1 3 4 5 9 8 7 18 20 21 
63.550000000000004 0.04 1 3 4 11 14 15 19 20 21 
65.37 0.05999999999999659 1 3 4 5 9 8 16 18 20 21 

1 22 400.0
39.88 264.97 1 3 12 13 24 21 22 
41.1 133.76999999999998 1 3 12 13 24 23 22 
48.45 0.15000000000000568 1 3 4 11 14 23 22 
48.809999999999995 0.35 1 3 4 5 9 10 15 22 
49.49 0.25 1 2 6 8 7 18 20 22 
60.69 0.15000000000000002 1 3 4 5 9 8 7 18 20 22 
69.31 0.09999999999999998 1 2 6 5 9 8 7 18 20 22 
73.6 0.25 1 2 6 5 9 8 16 18 20 22 

1 23 300.0
29.94 299.62 1 3 12 13 24 23 
37.29 0.12 1 3 4 11 14 23 
68.62 0.26 1 2 6 5 9 10 15 22 23 

1 24 100.0
26.310000000000002 99.87 1 3 12 13 24 
40.94 0.03999999999999204 1 3 4 11 14 23 24 
72.27000000000001 0.09 1 2 6 5 9 10 15 22 23 24 

2 1 100.0
6.01 100.0 2 1 

2 3 100.0
10.04 100.0 2 1 3 

2 4 200.0
14.709999999999999 199.85 2 1 3 4 
16.08 0.15 2 6 5 4 

2 5 100.0
13.69 0.2 2 6 5 
17.09 99.8 2 1 3 4 5 

2 6 400.0
7.35 400.0 2 6 

2 7 200.0
29.019999999999996 198.96 2 6 8 7 
37.46999999999999 0.7599999999999909 2 6 8 16 18 7 
60.69 0.2 2 1 3 4 5 9 8 16 18 7 
67.63 0.08 2 1 3 4 11 14 15 19 20 18 7 

2 8 400.0
22.369999999999997 399.59 2 6 8 
45.59 0.41 2 1 3 4 5 9 8 

2 9 200.0
24.89 0.25 2 6 5 9 
28.29 199.59 2 1 3 4 5 9 
56.23 0.15 2 6 8 16 10 9 

2 10 600.0
30.560000000000002 0.53 2 6 5 9 10 
33.96 473.38 2 1 3 4 5 9 10 
35.120000000000005 116.6 2 1 3 4 11 10 
36.58 8.790000000000006 2 1 3 12 11 10 
50.48 0.45999999999999996 2 6 8 16 10 
63.230000000000004 0.2399999999999931 2 1 3 12 11 14 15 10 

2 11 200.0
23.17 194.48 2 1 3 4 11 
24.63 5.34 2 1 3 12 11 
42.58 0.18 2 6 5 9 10 11 

2 12 100.0
14.129999999999999 100.0 2 1 3 12 

2 13 300.0
17.189999999999998 300.0 2 1 3 12 13 

2 14 100.0
35.72 96.52 2 1 3 4 11 14 
37.18 2.6099999999999994 2 1 3 12 11 14 
43.49 0.78 2 1 3 12 13 24 23 14 
70.15 0.08999999999999997 2 6 5 9 10 15 22 23 14 

2 15 100.0
44.64 0.09 2 6 5 9 10 15 
47.61 5.49 2 1 3 4 11 14 15 
48.04 76.47999999999999 2 1 3 4 5 9 10 15 
49.2 16.03 2 1 3 4 11 10 15 
50.66 1.78 2 1 3 12 11 10 15 
52.65 0.08 2 1 3 12 13 24 21 22 15 
64.11 0.05 2 1 3 12 13 24 21 20 19 15 

2 16 400.0
32.019999999999996 327.27 2 6 8 16 
34.48 71.94 2 6 8 7 18 16 
57.7 0.4099999999999966 2 1 3 4 5 9 8 7 18 16 
58.260000000000005 0.23 2 1 3 12 13 24 21 20 18 16 
68.92999999999999 0.15 2 1 3 4 11 14 15 19 20 18 16 

2 17 200.0
39.019999999999996 6.68 2 6 8 16 17 
41.48 2.0 2 6 8 7 18 16 17 
47.870000000000005 0.16999999999999993 2 6 5 9 10 17 
51.269999999999996 153.03 2 1 3 4 5 9 10 17 
52.43000000000001 36.71 2 1 3 4 11 10 17 
53.89 1.000000000000007 2 1 3 12 11 10 17 
57.74 0.08 2 1 3 12 11 14 15 19 17 
59.33 0.20999999999999291 2 1 3 12 11 10 15 19 17 
64.49 0.11 2 1 3 12 13 24 21 20 19 17 

2 19 100.0
43.56999999999999 0.06 2 6 8 16 17 19 
48.78 0.09 2 6 5 9 10 15 19 
51.75 5.49 2 1 3 4 11 14 15 19 
52.18 76.41 2 1 3 4 5 9 10 15 19 
53.34 16.03 2 1 3 4 11 10 15 19 
54.8 1.78 2 1 3 12 11 10 15 19 
56.79 0.0799999999999994 2 1 3 12 13 24 21 22 15 19 
59.96 0.0500000000000006 2 1 3 12 13 24 21 20 19 

2 20 100.0
35.48 98.83 2 6 8 7 18 20 
39.769999999999996 0.8900000000000006 2 6 8 16 18 20 
50.5 0.13 2 1 3 12 13 24 21 20 
61.17 0.04 2 1 3 4 11 14 15 19 20 
62.99 0.09999999999999942 2 1 3 4 5 9 8 16 18 20 

2 22 100.0
43.48 0.88 2 6 8 7 18 20 22 
45.89 65.49 2 1 3 12 13 24 21 22 
47.11 33.44 2 1 3 12 13 24 23 22 
47.769999999999996 0.05999999999999994 2 6 8 16 18 20 22 
51.42 0.09 2 6 5 9 10 15 22 
54.459999999999994 0.03999999999999915 2 1 3 4 11 14 23 22 

3 1 100.0
4.03 100.0 3 1 

3 2 100.0
10.04 100.0 3 1 2 

3 4 200.0
4.67 200.0 3 4 

3 5 100.0
7.05 99.92 3 4 5 
23.73 0.08 3 1 2 6 5 

3 6 300.0
13.469999999999999 98.78 3 4 5 6 
17.39 201.22 3 1 2 6 

3 7 100.0
35.14 28.13 3 4 5 6 8 7 
39.059999999999995 52.45 3 1 2 6 8 7 
42.199999999999996 18.840000000000003 3 4 5 9 8 7 
46.92000000000001 0.06 3 12 13 24 21 20 18 7 
48.76 0.04 3 4 11 10 16 18 7 
50.21999999999999 0.04 3 12 11 10 16 18 7 
50.64999999999999 0.3999999999999942 3 4 5 9 8 16 18 7 
59.050000000000004 0.030000000000000006 3 12 11 14 15 19 20 18 7 

3 8 200.0
28.49 56.26 3 4 5 6 8 
32.41 105.25 3 1 2 6 8 
35.55 38.48 3 4 5 9 8 

3 9 100.0
18.25 99.88 3 4 5 9 
30.83 0.04 3 4 11 10 9 
32.29 0.04 3 12 11 10 9 
58.94 0.03999999999999999 3 12 11 14 15 10 9 

3 10 300.0
23.92 236.95 3 4 5 9 10 
25.08 58.3 3 4 11 10 
26.54 4.630000000000003 3 12 11 10 
53.19 0.11999999999999744 3 12 11 14 15 10 

3 11 300.0
13.13 291.72 3 4 11 
14.59 8.01 3 12 11 
35.94 0.26 3 4 5 9 10 11 

3 12 200.0
4.09 200.0 3 12 

3 13 100.0
7.15 100.0 3 12 13 

3 14 100.0
25.68 96.52 3 4 11 14 
27.14 2.6099999999999994 3 12 11 14 
33.45 0.78 3 12 13 24 23 14 
63.51 0.08999999999999997 3 4 5 9 10 15 22 23 14 

3 15 100.0
37.57 5.49 3 4 11 14 15 
38.0 76.57 3 4 5 9 10 15 
39.16 16.02000000000001 3 4 11 10 15 
40.62 1.78 3 12 11 10 15 
42.61 0.08 3 12 13 24 21 22 15 
54.07000000000001 0.05 3 12 13 24 21 20 19 15 

3 16 200.0
38.14 55.48 3 4 5 6 8 16 
42.059999999999995 103.87 3 1 2 6 8 16 
43.31 0.86 3 4 11 10 16 
44.769999999999996 0.07000000000000006 3 12 11 10 16 
45.199999999999996 4.1299999999999955 3 4 5 9 8 16 
47.66 34.35 3 4 5 9 8 7 18 16 
48.22000000000001 1.15 3 12 13 24 21 20 18 16 
60.35000000000001 0.07999999999999993 3 12 11 14 15 19 20 18 16 

3 17 100.0
41.230000000000004 78.59 3 4 5 9 10 17 
42.39 19.429999999999993 3 4 11 10 17 
43.849999999999994 1.2999999999999972 3 12 11 10 17 
47.7 0.37 3 12 11 14 15 19 17 
49.059999999999995 0.06 3 1 2 6 8 16 17 
49.29 0.11000000000000287 3 12 11 10 15 19 17 
51.28 0.07999999999999718 3 12 13 24 21 22 15 19 17 
54.45000000000001 0.05000000000000282 3 12 13 24 21 20 19 17 

3 22 100.0
35.85 66.24 3 12 13 24 21 22 
37.07 33.44 3 12 13 24 23 22 
44.42 0.03999999999999915 3 4 11 14 23 22 
44.78 0.09 3 4 5 9 10 15 22 
53.519999999999996 0.06 3 1 2 6 8 7 18 20 22 
56.66 0.06 3 4 5 9 8 7 18 20 22 
60.949999999999996 0.06 3 4 5 9 8 16 18 20 22 

3 23 100.0
25.91 99.87 3 12 13 24 23 
33.26 0.04 3 4 11 14 23 
55.97 0.09 3 4 5 9 10 15 22 23 

4 1 500.0
8.68 499.61 4 3 1 
22.21 0.39 4 5 6 2 1 

4 2 200.0
14.69 199.85 4 3 1 2 
16.200000000000003 0.15 4 5 6 2 

4 3 200.0
4.65 200.0 4 3 

4 5 500.0
2.38 500.0 4 5 

4 6 400.0
8.8 399.09 4 5 6 
22.04 0.91 4 3 1 2 6 

4 7 400.0
30.47 303.81 4 5 6 8 7 
37.53 94.11000000000001 4 5 9 8 7 
45.98 1.919999999999959 4 5 9 8 16 18 7 
52.92000000000001 0.16 4 11 14 15 19 20 18 7 

4 8 700.0
23.82 531.95 4 5 6 8 
30.88 168.04999999999995 4 5 9 8 

4 9 700.0
13.579999999999998 699.18 4 5 9 
52.81 0.28 4 11 14 15 10 9 
57.68 0.5399999999999999 4 5 6 8 16 10 9 

4 10 1200.0
19.25 949.26 4 5 9 10 
20.41 247.94 4 11 10 
31.19 1.4000000000000057 4 3 12 11 10 
51.93 0.93 4 5 6 8 16 10 
57.84 0.4699999999999944 4 3 12 11 14 15 10 

4 11 1400.0
8.46 1395.51 4 11 
19.240000000000002 2.18 4 3 12 11 
31.27 1.23 4 5 9 10 11 
63.95 1.08 4 5 6 8 16 10 11 

4 12 600.0
8.74 600.0 4 3 12 

4 13 600.0
11.8 600.0 4 3 12 13 

4 14 500.0
21.01 498.12 4 11 14 
31.790000000000003 0.78 4 3 12 11 14 
38.1 0.28 4 3 12 13 24 23 14 
43.82 0.37999999999996814 4 5 9 10 11 14 
58.839999999999996 0.06000000000003186 4 5 9 10 15 22 23 14 
91.52000000000001 0.3799999999999681 4 5 6 8 16 10 15 22 23 14 

4 15 500.0
32.900000000000006 27.43 4 11 14 15 
33.33 382.83 4 5 9 10 15 
34.49 88.28999999999999 4 11 10 15 
45.27 0.78 4 3 12 11 10 15 
49.169999999999995 0.39 4 5 6 8 16 17 19 15 
58.72 0.28 4 3 12 13 24 21 20 19 15 

4 16 800.0
33.47 600.87 4 5 6 8 16 
37.480000000000004 3.19 4 5 9 10 16 
38.64 3.11 4 11 10 16 
40.53 53.65999999999997 4 5 9 8 16 
42.99 138.4 4 5 9 8 7 18 16 
52.870000000000005 0.45 4 3 12 13 24 21 20 18 16 
54.22000000000001 0.3099999999999909 4 11 14 15 19 20 18 16 

4 17 500.0
36.56 395.21 4 5 9 10 17 
37.72 103.03 4 11 10 17 
40.47 0.7 4 5 6 8 16 17 
48.5 0.020000000000010232 4 3 12 11 10 17 
52.35000000000001 0.2 4 3 12 11 14 15 19 17 
53.940000000000005 0.5599999999999881 4 3 12 11 10 15 19 17 
59.1 0.28 4 3 12 13 24 21 20 19 17 

4 18 100.0
32.55 75.9 4 5 6 8 7 18 
39.61 22.929999999999993 4 5 9 8 7 18 
43.9 1.07 4 5 9 8 16 18 
49.49 0.06 4 3 12 13 24 21 20 18 
50.84000000000001 0.04 4 11 14 15 19 20 18 

4 19 200.0
37.040000000000006 10.97 4 11 14 15 19 
37.47 153.13 4 5 9 10 15 19 
38.63 35.32 4 11 10 15 19 
45.019999999999996 0.15 4 5 6 8 16 17 19 
49.410000000000004 0.30999999999999517 4 3 12 11 10 15 19 
54.57 0.11 4 3 12 13 24 21 20 19 

4 20 300.0
36.93 226.49 4 5 6 8 7 18 20 
43.99 68.81 4 5 9 8 7 18 20 
45.11 1.37 4 3 12 13 24 21 20 
46.46000000000001 0.12 4 11 14 15 19 20 
48.28 3.2099999999999937 4 5 9 8 16 18 20 

4 21 200.0
36.81 198.93 4 3 12 13 24 21 
45.32 0.74 4 5 6 8 7 18 20 21 
52.38 0.12 4 5 9 8 7 18 20 21 
54.85000000000001 0.08 4 11 14 15 19 20 21 
56.67 0.13 4 5 9 8 16 18 20 21 

4 22 400.0
39.68000000000001 4.03 4 11 14 15 22 
39.75 0.16 4 11 14 23 22 
40.11 10.02 4 5 9 10 15 22 
40.5 258.98 4 3 12 13 24 21 22 
41.72 126.05 4 3 12 13 24 23 22 
44.93 0.25 4 5 6 8 7 18 20 22 
51.99 0.25 4 5 9 8 7 18 20 22 
56.28 0.25 4 5 9 8 16 18 20 22 

4 23 500.0
28.590000000000003 2.49 4 11 14 23 
30.56 497.07 4 3 12 13 24 23 
51.3 0.44 4 5 9 10 15 22 23 

4 24 200.0
26.93 199.75 4 3 12 13 24 
32.24 0.08 4 11 14 23 24 
54.949999999999996 0.16999999999999998 4 5 9 10 15 22 23 24 

5 1 200.0
11.07 199.59 5 4 3 1 
19.83 0.41 5 6 2 1 

5 2 100.0
13.82 0.2 5 6 2 
17.08 99.8 5 4 3 1 2 

5 3 100.0
7.040000000000001 99.92 5 4 3 
23.86 0.08 5 6 2 1 3 

5 4 500.0
2.39 500.0 5 4 

5 6 200.0
6.42 199.55 5 6 
24.43 0.45 5 4 3 1 2 6 

5 7 200.0
28.089999999999996 151.91 5 6 8 7 
35.15 47.05000000000001 5 9 8 7 
43.599999999999994 0.96 5 9 8 16 18 7 
55.31000000000001 0.08 5 4 11 14 15 19 20 18 7 

5 8 500.0
21.439999999999998 379.96 5 6 8 
28.5 120.04 5 9 8 

5 9 800.0
11.2 799.38 5 9 
55.3 0.62 5 6 8 16 10 9 

5 10 1000.0
16.869999999999997 987.79 5 9 10 
22.8 9.88 5 4 11 10 
33.58 1.1599999999999984 5 4 3 12 11 10 
49.55 0.77 5 6 8 16 10 
60.230000000000004 0.4 5 4 3 12 11 14 15 10 

5 11 500.0
10.850000000000001 498.4 5 4 11 
21.630000000000003 0.78 5 4 3 12 11 
28.889999999999997 0.44 5 9 10 11 
61.56999999999999 0.37999999999999995 5 6 8 16 10 11 

5 12 200.0
11.13 199.85 5 4 3 12 
72.16 0.15 5 6 8 16 10 11 12 

5 13 200.0
14.190000000000001 199.85 5 4 3 12 13 
75.22 0.15 5 6 8 16 10 11 12 13 

5 14 100.0
23.400000000000002 99.62 5 4 11 14 
34.18000000000001 0.16 5 4 3 12 11 14 
40.49 0.04999999999999999 5 4 3 12 13 24 23 14 
41.44 0.07999999999999488 5 9 10 11 14 
56.459999999999994 0.010000000000005116 5 9 10 15 22 23 14 
89.14 0.07999999999999488 5 6 8 16 10 15 22 23 14 

5 15 200.0
30.949999999999996 196.54 5 9 10 15 
35.290000000000006 2.44 5 4 11 14 15 
36.88 0.43999999999999995 5 4 11 10 15 
46.78999999999999 0.15 5 6 8 16 17 19 15 
47.66 0.31 5 4 3 12 11 10 15 
48.16 0.11 5 6 8 7 18 20 19 15 

5 16 500.0
31.089999999999996 377.77 5 6 8 16 
35.099999999999994 1.99 5 9 10 16 
38.15 31.310000000000002 5 9 8 16 
40.61 88.72 5 9 8 7 18 16 
56.610000000000014 0.2 5 4 11 14 15 19 20 18 16 

5 17 200.0
34.17999999999999 197.43 5 9 10 17 
38.089999999999996 0.72 5 6 8 16 17 
40.11 1.42 5 4 11 10 17 
48.54 0.10999999999999999 5 6 8 7 18 20 19 17 
50.89 0.019999999999997797 5 4 3 12 11 10 17 
54.74000000000001 0.08 5 4 3 12 11 14 15 19 17 
56.33 0.21000000000000218 5 4 3 12 11 10 15 19 17 

5 19 100.0
35.089999999999996 98.27 5 9 10 15 19 
39.43000000000001 1.22 5 4 11 14 15 19 
41.02 0.21999999999999997 5 4 11 10 15 19 
42.63999999999999 0.08 5 6 8 16 17 19 
44.01 0.05 5 6 8 7 18 20 19 
51.8 0.15000000000000457 5 4 3 12 11 10 15 19 

5 20 100.0
34.55 75.95 5 6 8 7 18 20 
41.61 22.939999999999998 5 9 8 7 18 20 
45.9 1.0699999999999932 5 9 8 16 18 20 
48.85000000000001 0.04 5 4 11 14 15 19 20 

5 21 100.0
39.2 99.39 5 4 3 12 13 24 21 
42.94 0.43 5 6 8 7 18 20 21 
47.23 0.020000000000000018 5 6 8 16 18 20 21 
49.510000000000005 0.04 5 4 11 12 13 24 21 
54.29 0.03999999999999998 5 9 8 16 18 20 21 
107.28999999999999 0.039999999999998294 5 9 8 16 10 11 12 13 24 21 
115.02 0.04 5 9 8 16 10 11 14 15 19 20 21 

5 22 200.0
37.73 177.56 5 9 10 15 22 
42.07000000000001 1.34 5 4 11 14 15 22 
42.14 0.07999999999999985 5 4 11 14 23 22 
42.55 4.27 5 6 8 7 18 20 22 
42.89 12.05 5 4 3 12 13 24 21 22 
44.11 4.419999999999998 5 4 3 12 13 24 23 22 
46.839999999999996 0.03000000000000025 5 6 8 16 18 20 22 
53.9 0.08999999999999986 5 9 8 16 18 20 22 
112.19999999999999 0.15 5 9 8 16 10 11 12 13 24 23 22 

5 23 100.0
30.980000000000004 0.5 5 4 11 14 23 
32.95 99.34 5 4 3 12 13 24 23 
48.919999999999995 0.09 5 9 10 15 22 23 
93.97999999999999 0.06999999999999318 5 6 8 16 10 11 12 13 24 23 

6 1 300.0
13.41 298.54 6 2 1 
17.41 1.46 6 5 4 3 1 

6 2 400.0
7.4 399.59 6 2 
23.42 0.41 6 5 4 3 1 2 

6 3 300.0
13.38 96.59 6 5 4 3 
17.44 203.41 6 2 1 3 

6 4 400.0
8.73 397.05 6 5 4 
22.11 2.95 6 2 1 3 4 

6 5 200.0
6.34 199.51 6 5 
24.49 0.49 6 2 1 3 4 5 

6 7 400.0
21.67 397.92 6 8 7 
30.120000000000005 1.509999999999991 6 8 16 18 7 
49.94 0.41 6 5 9 8 16 18 7 
61.650000000000006 0.15999999999999998 6 5 4 11 14 15 19 20 18 7 

6 8 800.0
15.02 799.18 6 8 
34.84 0.82 6 5 9 8 

6 9 400.0
17.54 398.71 6 5 9 
35.69 0.98 6 2 1 3 4 5 9 
48.88 0.31 6 8 16 10 9 

6 10 800.0
23.21 788.06 6 5 9 10 
29.14 6.15 6 5 4 11 10 
39.92 0.2400000000000997 6 5 4 3 12 11 10 
43.13 0.62 6 8 16 10 
43.980000000000004 4.6199999999999 6 2 1 3 12 11 10 
70.63 0.3100000000001 6 2 1 3 12 11 14 15 10 

6 11 400.0
17.19 395.52 6 5 4 11 
30.57 1.2300000000000182 6 2 1 3 4 11 
32.03 2.5899999999999817 6 2 1 3 12 11 
35.230000000000004 0.35 6 5 9 10 11 
55.150000000000006 0.31 6 8 16 10 11 

6 12 200.0
17.47 64.39 6 5 4 3 12 
21.53 135.45 6 2 1 3 12 
65.74000000000001 0.15 6 8 16 10 11 12 

6 13 200.0
20.529999999999998 64.39 6 5 4 3 12 13 
24.59 135.45 6 2 1 3 12 13 
68.80000000000001 0.15 6 8 16 10 11 12 13 

6 14 100.0
29.740000000000002 98.82 6 5 4 11 14 
43.120000000000005 0.3100000000000023 6 2 1 3 4 11 14 
44.58 0.65 6 2 1 3 12 11 14 
47.78 0.08 6 5 9 10 11 14 
50.89 0.04999999999999771 6 2 1 3 12 13 24 23 14 
62.8 0.009999999999999995 6 5 9 10 15 22 23 14 
82.72000000000001 0.08 6 8 16 10 15 22 23 14 

6 15 200.0
37.29 196.11 6 5 9 10 15 
40.37 0.28 6 8 16 17 19 15 
41.63 1.42 6 5 4 11 14 15 
41.74 1.19 6 8 7 18 20 19 15 
52.41 0.06999999999998074 6 5 4 3 12 11 14 15 
56.47 0.18000000000001926 6 2 1 3 12 11 14 15 
58.06 0.74 6 2 1 3 12 11 10 15 

6 16 900.0
24.67 736.71 6 8 16 
27.13 162.37 6 8 7 18 16 
46.95 0.9199999999999875 6 5 9 8 7 18 16 

6 17 500.0
31.67 400.0 6 8 16 17 
34.129999999999995 62.839999999999975 6 8 7 18 16 17 
40.519999999999996 35.5 6 5 9 10 17 
42.120000000000005 1.04 6 8 7 18 20 19 17 
58.67 0.4200000000000017 6 2 1 3 4 5 9 10 17 
86.48 0.19999999999999574 6 2 1 3 4 11 14 15 10 17 

6 18 100.0
23.75 98.89 6 8 7 18 
28.040000000000003 0.9699999999999989 6 8 16 18 
47.86 0.1 6 5 9 8 16 18 
59.57000000000001 0.04 6 5 4 11 14 15 19 20 18 

6 19 200.0
36.22 0.28 6 8 16 17 19 
37.59 24.44 6 8 7 18 20 19 
41.43 172.12 6 5 9 10 15 19 
41.88 1.1799999999999962 6 8 16 18 20 19 
45.77 1.42 6 5 4 11 14 15 19 
56.55 0.25 6 5 4 3 12 11 14 15 19 
58.14 0.05999999999998984 6 5 4 3 12 11 10 15 19 
62.2 0.24 6 2 1 3 12 11 10 15 19 

6 20 300.0
28.13 296.67 6 8 7 18 20 
32.42 2.909999999999968 6 8 16 18 20 
52.24 0.30000000000001137 6 5 9 8 16 18 20 
55.190000000000005 0.11999999999998862 6 5 4 11 14 15 19 20 

6 21 100.0
36.519999999999996 97.98 6 8 7 18 20 21 
40.81 0.65 6 8 16 18 20 21 
45.54 0.73 6 5 4 3 12 13 24 21 
49.6 0.52 6 2 1 3 12 13 24 21 
55.85 0.04 6 5 4 11 12 13 24 21 
93.81 0.03000000000000006 6 8 16 10 11 12 13 24 21 
101.54 0.04 6 8 16 10 11 14 15 19 20 21 

6 22 200.0
36.129999999999995 197.04 6 8 7 18 20 22 
40.42 1.99 6 8 16 18 20 22 
44.07 0.18 6 5 9 10 15 22 
48.480000000000004 0.08 6 5 4 11 14 23 22 
49.23 0.2 6 5 4 3 12 13 24 21 22 
53.29 0.35 6 2 1 3 12 13 24 21 22 
97.5 0.15 6 8 16 10 11 12 13 24 21 22 

6 23 100.0
37.32 0.04 6 5 4 11 14 23 
39.29 32.2 6 5 4 3 12 13 24 23 
43.35 67.6 6 2 1 3 12 13 24 23 
55.26 0.0799999999999983 6 5 9 10 15 22 23 
75.18 0.010000000000001702 6 8 16 10 15 22 23 
87.56 0.0699999999999983 6 8 16 10 11 12 13 24 23 

6 24 100.0
35.66 32.2 6 5 4 3 12 13 24 
39.72 67.6 6 2 1 3 12 13 24 
40.97 0.03999999999999915 6 5 4 11 14 23 24 
58.91 0.0799999999999983 6 5 9 10 15 22 23 24 
78.83000000000001 0.010000000000001702 6 8 16 10 15 22 23 24 
78.93 8.534839501805891e-16 6 8 16 10 11 14 23 24 
83.93 0.06999999999999745 6 8 16 10 11 12 13 24 

7 1 500.0
35.019999999999996 492.08 7 8 6 2 1 
43.51 2.6899999999999977 7 18 16 8 6 2 1 
47.51 1.14 7 18 16 8 6 5 4 3 1 
51.32000000000001 2.67 7 18 20 21 24 13 12 3 1 
55.29 1.2200000000000022 7 18 16 8 9 5 4 3 1 
61.82 0.19999999999999862 7 18 20 19 15 14 11 4 3 1 

7 2 200.0
29.009999999999998 196.83 7 8 6 2 
37.5 2.019999999999982 7 18 16 8 6 2 
57.330000000000005 1.07 7 18 20 21 24 13 12 3 1 2 
67.83 0.07999999999999985 7 18 20 19 15 14 11 4 3 1 2 

7 3 100.0
34.99 26.96 7 8 6 5 4 3 
39.05 54.54 7 8 6 2 1 3 
42.77 16.92000000000001 7 8 9 5 4 3 
47.290000000000006 1.28 7 18 20 21 24 13 12 3 
48.949999999999996 0.04 7 18 16 10 11 4 3 
50.620000000000005 0.04 7 18 16 10 11 12 3 
51.26 0.17999999999999175 7 18 16 8 9 5 4 3 
59.46000000000001 0.04 7 18 20 19 15 14 11 12 3 

7 4 400.0
30.34 293.14 7 8 6 5 4 
38.120000000000005 100.75 7 8 9 5 4 
46.61 3.5799999999999983 7 18 16 8 9 5 4 
51.96000000000001 0.41 7 18 20 21 24 13 12 3 4 
52.21 1.96 7 18 16 8 6 2 1 3 4 
53.14 0.15999999999999998 7 18 20 19 15 14 11 4 

7 5 200.0
27.95 147.55 7 8 6 5 
35.730000000000004 49.599999999999994 7 8 9 5 
44.22 2.77 7 18 16 8 9 5 
55.52 0.08 7 18 20 19 15 14 11 4 5 

7 6 400.0
21.61 394.3 7 8 6 
30.1 5.539999999999964 7 18 16 8 6 
61.940000000000005 0.16 7 18 20 19 15 14 11 4 5 6 

7 8 1000.0
6.69 985.75 7 8 
15.18 14.25 7 18 16 8 

7 9 600.0
24.32 587.64 7 8 9 
29.67 3.75 7 18 16 10 9 
32.81 7.47 7 18 16 8 9 
35.519999999999996 0.8999999999999995 7 18 16 17 10 9 
39.980000000000004 0.24 7 18 20 19 15 10 9 

7 10 1900.0
23.92 1862.19 7 18 16 10 
29.77 4.8 7 18 16 17 10 
29.990000000000002 19.61 7 8 9 10 
34.230000000000004 8.14 7 18 20 19 15 10 
38.480000000000004 5.259999999999946 7 18 16 8 9 10 

7 11 500.0
35.94 474.2 7 18 16 10 11 
38.8 7.84 7 8 6 5 4 11 
41.79 1.26 7 18 16 17 10 11 
42.010000000000005 5.14 7 8 9 10 11 
44.78 2.07 7 18 20 19 15 14 11 
45.849999999999994 3.36 7 18 20 22 23 14 11 
46.25 1.94 7 18 20 19 15 10 11 
46.580000000000005 3.570000000000001 7 8 9 5 4 11 
55.07 0.5999999999999988 7 18 16 8 9 5 4 11 

7 12 700.0
39.08 179.35 7 8 6 5 4 3 12 
43.14 376.15 7 8 6 2 1 3 12 
43.2 24.82 7 18 20 21 24 13 12 
46.53 0.54 7 18 16 10 11 12 
46.86 118.41999999999996 7 8 9 5 4 3 12 
55.349999999999994 0.43999999999999995 7 18 16 8 9 5 4 3 12 
61.879999999999995 0.27999999999999803 7 18 20 19 15 14 11 4 3 12 

7 13 400.0
40.14 100.99 7 18 20 21 24 13 
42.14 89.28 7 8 6 5 4 3 12 13 
46.2 154.89 7 8 6 2 1 3 12 13 
49.59 0.31 7 18 16 10 11 12 13 
49.92 54.12000000000003 7 8 9 5 4 3 12 13 
58.41 0.24999999999997158 7 18 16 8 9 5 4 3 12 13 
64.94 0.1599999999999966 7 18 20 19 15 14 11 4 3 12 13 

7 14 200.0
32.120000000000005 165.19 7 18 20 19 15 14 
33.19 34.08 7 18 20 22 23 14 
33.21000000000001 0.12999999999999545 7 18 16 17 19 15 14 
33.269999999999996 0.2 7 18 20 22 15 14 
36.13 0.24 7 18 20 21 24 23 14 
48.489999999999995 0.15 7 18 16 10 11 14 

7 15 500.0
20.07 494.58 7 18 20 19 15 
21.160000000000004 0.3100000000000023 7 18 16 17 19 15 
21.22 4.72 7 18 20 22 15 
25.300000000000004 0.380000000000023 7 18 20 21 22 15 

7 16 1400.0
5.46 1400.0 7 18 16 

7 17 1000.0
12.46 997.53 7 18 16 17 
20.450000000000003 2.47 7 18 20 19 17 

7 18 200.0
2.08 200.0 7 18 

7 19 400.0
15.920000000000002 399.09 7 18 20 19 
17.01 0.56 7 18 16 17 19 
25.36 0.35 7 18 20 22 15 19 

7 20 500.0
6.46 500.0 7 18 20 

7 21 200.0
14.850000000000001 200.0 7 18 20 21 

7 22 500.0
14.46 499.33 7 18 20 22 
18.540000000000003 0.67 7 18 20 21 22 

7 23 200.0
25.65 191.67 7 18 20 22 23 
28.59 8.18 7 18 20 21 24 23 
29.730000000000004 0.15 7 18 20 21 22 23 

7 24 100.0
24.96 99.81 7 18 20 21 24 
29.299999999999997 0.18999999999999773 7 18 20 22 23 24 

8 1 800.0
28.33 792.39 8 6 2 1 
32.33 1.82 8 6 5 4 3 1 
40.11 5.78 8 9 5 4 3 1 

8 2 400.0
22.32 399.59 8 6 2 
46.12 0.41 8 9 5 4 3 1 2 

8 3 200.0
28.299999999999997 53.93 8 6 5 4 3 
32.36 109.41999999999999 8 6 2 1 3 
36.08 36.65 8 9 5 4 3 

8 4 700.0
23.65 513.27 8 6 5 4 
31.43 183.28999999999996 8 9 5 4 
37.03 3.44 8 6 2 1 3 4 

8 5 500.0
21.259999999999998 369.08 8 6 5 
29.04 130.92 8 9 5 

8 6 800.0
14.92 800.0 8 6 

8 7 1000.0
6.65 994.8 8 7 
15.1 5.2 8 16 18 7 

8 9 800.0
17.63 797.41 8 9 
32.459999999999994 1.02 8 6 5 9 
33.86 1.07 8 16 10 9 
39.709999999999994 0.050000000000000044 8 16 17 10 9 
42.17 0.44999999999999996 8 7 18 16 17 10 9 

8 10 1600.0
23.299999999999997 1589.38 8 9 10 
28.11 7.57 8 16 10 
33.959999999999994 0.7400000000000002 8 16 17 10 
36.42 0.2699999999999998 8 7 18 16 17 10 
38.129999999999995 1.4 8 6 5 9 10 
40.879999999999995 0.63 8 7 18 20 19 15 10 

8 11 800.0
32.11 251.15 8 6 5 4 11 
35.31999999999999 522.86 8 9 10 11 
39.89 20.98999999999998 8 9 5 4 11 
40.129999999999995 0.62 8 16 10 11 
42.59 0.44999999999993634 8 7 18 16 10 11 
45.49 2.72 8 6 2 1 3 4 11 
46.95 1.21 8 6 2 1 3 12 11 

8 12 600.0
32.39 161.78 8 6 5 4 3 12 
36.45 327.78999999999996 8 6 2 1 3 12 
40.17 109.96 8 9 5 4 3 12 
50.72 0.46 8 16 10 11 12 

8 13 600.0
35.45 161.78 8 6 5 4 3 12 13 
39.510000000000005 327.78999999999996 8 6 2 1 3 12 13 
43.230000000000004 109.96 8 9 5 4 3 12 13 
53.78 0.46 8 16 10 11 12 13 

8 14 400.0
37.400000000000006 0.25 8 16 17 19 15 14 
38.769999999999996 330.22 8 7 18 20 19 15 14 
39.839999999999996 64.92999999999995 8 7 18 20 22 23 14 
44.129999999999995 3.2400000000000517 8 16 18 20 22 23 14 
44.66 0.16 8 6 5 4 11 14 
47.07 0.47999999999994847 8 16 18 20 21 24 23 14 
47.86999999999999 0.41 8 9 10 11 14 
52.67999999999999 0.3 8 16 10 11 14 

8 15 600.0
25.35 5.37 8 16 17 19 15 
26.72 588.81 8 7 18 20 19 15 
31.009999999999998 4.680000000000064 8 16 18 20 19 15 
32.16 1.1399999999999357 8 16 18 20 22 15 

8 16 2200.0
9.65 1800.84 8 16 
12.11 399.16 8 7 18 16 

8 17 1400.0
16.65 1145.99 8 16 17 
19.11 250.54999999999995 8 7 18 16 17 
27.1 3.46 8 7 18 20 19 17 

8 18 300.0
8.73 296.67 8 7 18 
13.02 3.33 8 16 18 

8 19 700.0
21.2 6.26 8 16 17 19 
22.57 686.94 8 7 18 20 19 
26.86 6.17999999999995 8 16 18 20 19 
36.3 0.61 8 16 18 20 22 15 19 

8 20 900.0
13.11 890.0 8 7 18 20 
17.4 10.0 8 16 18 20 

8 21 400.0
21.5 395.56 8 7 18 20 21 
25.79 4.1299999999999955 8 16 18 20 21 
78.78999999999999 0.31 8 16 10 11 12 13 24 21 

8 22 500.0
21.11 494.45 8 7 18 20 22 
25.4 4.8799999999999955 8 16 18 20 22 
29.48 0.28 8 16 18 20 21 22 
82.47999999999999 0.39 8 16 10 11 12 13 24 21 22 

8 23 300.0
32.3 287.38 8 7 18 20 22 23 
35.24 9.29000000000002 8 7 18 20 21 24 23 
39.53 2.9799999999999613 8 16 18 20 21 24 23 
52.239999999999995 0.12 8 6 5 4 11 14 23 
72.53999999999999 0.23 8 16 10 11 12 13 24 23 

8 24 200.0
31.61 197.78 8 7 18 20 21 24 
35.9 1.6899999999999977 8 16 18 20 21 24 
40.239999999999995 0.3 8 16 18 20 22 23 24 
55.88999999999999 0.08 8 6 5 4 11 14 23 24 
68.91 0.15 8 16 10 11 12 13 24 

9 1 500.0
22.480000000000004 498.98 9 5 4 3 1 
31.239999999999995 0.6299999999999955 9 5 6 2 1 
36.4 0.37999999999999545 9 10 11 12 3 1 

9 2 200.0
25.229999999999997 0.25 9 5 6 2 
28.490000000000002 199.59 9 5 4 3 1 2 
55.94 0.15 9 10 16 8 6 2 

9 3 100.0
18.450000000000003 99.92 9 5 4 3 
32.37 0.08 9 10 11 12 3 

9 4 700.0
13.8 699.46 9 5 4 
57.269999999999996 0.5399999999999636 9 10 16 8 6 5 4 

9 5 800.0
11.41 799.38 9 5 
54.879999999999995 0.62 9 10 16 8 6 5 

9 6 400.0
17.83 398.78 9 5 6 
35.84 0.91 9 5 4 3 1 2 6 
48.54 0.31 9 10 16 8 6 

9 7 600.0
23.950000000000003 593.74 9 8 7 
29.35 5.12 9 10 16 18 7 
35.41 0.8999999999999995 9 10 17 16 18 7 
39.77 0.24 9 10 15 19 20 18 7 

9 8 800.0
17.3 797.91 9 8 
32.849999999999994 1.02 9 5 6 8 
33.62 0.62 9 10 16 8 
36.04 0.45 9 10 16 18 7 8 

9 10 2800.0
5.67 2800.0 9 10 

9 11 1400.0
17.689999999999998 1354.56 9 10 11 
22.26 44.89 9 5 4 11 
44.46 0.5499999999999545 9 10 15 14 11 

9 12 600.0
22.540000000000003 599.54 9 5 4 3 12 
28.279999999999998 0.46 9 10 11 12 

9 13 600.0
25.6 599.54 9 5 4 3 12 13 
31.339999999999996 0.46 9 10 11 12 13 

9 14 600.0
30.24 241.78 9 10 11 14 
31.8 356.95 9 10 15 14 
34.81 0.75 9 5 4 11 14 
45.26 0.5200000000000387 9 10 15 22 23 14 

9 15 900.0
19.75 899.31 9 10 15 
66.8 0.69 9 10 11 12 13 24 21 22 15 

9 16 1400.0
23.9 50.72 9 10 16 
26.950000000000003 1127.37 9 8 16 
29.41 219.24 9 8 7 18 16 
29.959999999999997 2.11 9 10 17 16 
41.07000000000001 0.55 9 10 15 19 20 18 16 

9 17 900.0
22.979999999999997 897.44 9 10 17 
28.42 1.87 9 10 15 19 17 
30.9 0.6899999999999453 9 10 16 17 

9 18 200.0
26.03 195.74 9 8 7 18 
27.27 2.69 9 10 16 18 
30.320000000000004 1.1799999999999784 9 8 16 18 
33.33 0.3 9 10 17 16 18 
37.690000000000005 0.08 9 10 15 19 20 18 

9 19 400.0
23.89 399.69 9 10 15 19 
35.449999999999996 0.31 9 10 16 17 19 

9 20 600.0
30.41 582.7 9 8 7 18 20 
31.65 8.08 9 10 16 18 20 
33.31 4.77 9 10 15 19 20 
34.52 0.5200000000000005 9 10 15 22 20 
34.7 3.5499999999999545 9 8 16 18 20 
37.71 0.3799999999999999 9 10 17 16 18 20 

9 21 300.0
30.240000000000002 104.5 9 10 15 22 21 
38.8 194.98 9 8 7 18 20 21 
40.04 0.17 9 10 16 18 20 21 
41.7 0.12 9 10 15 19 20 21 
56.35 0.22999999999999599 9 10 11 12 13 24 21 

9 22 700.0
26.53 697.5 9 10 15 22 
38.41 1.96 9 8 7 18 20 22 
60.04 0.5399999999999636 9 10 11 12 13 24 21 22 

9 23 500.0
37.72 261.26 9 10 15 22 23 
37.82 84.43 9 10 11 14 23 
39.38 140.79999999999998 9 10 15 14 23 
44.36000000000001 12.22 9 5 4 3 12 13 24 23 
49.599999999999994 0.62 9 8 7 18 20 22 23 
50.1 0.379999999999999 9 10 11 12 13 24 23 
53.78 0.28 9 10 16 18 20 21 24 23 

9 24 200.0
40.730000000000004 197.44 9 5 4 3 12 13 24 
41.37 0.25 9 10 15 22 23 24 
43.03 0.13 9 10 15 14 23 24 
46.47 0.15 9 10 11 12 13 24 
48.91 1.92 9 8 7 18 20 21 24 
50.15 0.10999999999999988 9 10 16 18 20 21 24 

10 1 1300.0
28.230000000000004 1088.6 10 9 5 4 3 1 
29.060000000000002 198.79 10 11 4 3 1 
30.73 10.950000000000017 10 11 12 3 1 
36.989999999999995 1.14 10 9 5 6 2 1 
57.500000000000014 0.51 10 15 14 11 12 3 1 

10 2 600.0
30.979999999999997 0.53 10 9 5 6 2 
34.24 502.43 10 9 5 4 3 1 2 
35.07 91.74999999999994 10 11 4 3 1 2 
36.74 4.59000000000006 10 11 12 3 1 2 
50.27 0.45999999999999996 10 16 8 6 2 
63.51000000000001 0.23999999999993982 10 15 14 11 12 3 1 2 

10 3 300.0
24.200000000000003 251.48 10 9 5 4 3 
25.03 45.87 10 11 4 3 
26.7 2.530000000000001 10 11 12 3 
53.47000000000001 0.11999999999999877 10 15 14 11 12 3 

10 4 1200.0
19.55 1005.92 10 9 5 4 
20.38 192.68 10 11 4 
47.150000000000006 0.47999999999998977 10 15 14 11 4 
51.60000000000001 0.9200000000000728 10 16 8 6 5 4 

10 5 1000.0
17.16 995.69 10 9 5 
22.759999999999998 3.14 10 11 4 5 
49.21000000000001 0.77 10 16 8 6 5 
49.53000000000001 0.3999999999999999 10 15 14 11 4 5 

10 6 800.0
23.58 793.67 10 9 5 6 
29.18 1.0200000000000955 10 11 4 5 6 
42.42 1.8099999999999046 10 11 4 3 1 2 6 
42.870000000000005 0.62 10 16 8 6 
44.09 2.5700000000000003 10 11 12 3 1 2 6 
70.86000000000001 0.3099999999999996 10 15 14 11 12 3 1 2 6 

10 7 1900.0
23.68 1869.16 10 16 18 7 
29.700000000000003 21.12 10 9 8 7 
29.740000000000002 4.8 10 17 16 18 7 
34.1 4.92 10 15 19 20 18 7 

10 8 1600.0
23.05 1588.75 10 9 8 
27.950000000000003 2.88 10 16 8 
30.37 5.330000000000001 10 16 18 7 8 
36.43 1.01 10 17 16 18 7 8 
38.599999999999994 1.4 10 9 5 6 8 
40.79 0.6299999999999988 10 15 19 20 18 7 8 

10 9 2800.0
5.75 2800.0 10 9 

10 11 4000.0
12.02 3998.42 10 11 
38.790000000000006 1.58 10 15 14 11 

10 12 2000.0
22.61 1068.99 10 11 12 
28.290000000000003 926.54 10 9 5 4 3 12 
29.12 3.6800000000000637 10 11 4 3 12 
55.89 0.7899999999999361 10 15 14 11 4 3 12 

10 13 1900.0
25.669999999999998 1015.54 10 11 12 13 
31.35 880.21 10 9 5 4 3 12 13 
32.18 3.5 10 11 4 3 12 13 
58.95 0.75 10 15 14 11 4 3 12 13 

10 14 2100.0
24.57 846.23 10 11 14 
26.130000000000003 1251.93 10 15 14 
39.589999999999996 1.8399999999999181 10 15 22 23 14 

10 15 4000.0
14.08 3996.92 10 15 
61.129999999999995 3.08 10 11 12 13 24 21 22 15 

10 16 4400.0
18.23 4359.82 10 16 
24.29 20.77 10 17 16 
35.160000000000004 17.66 10 9 8 7 18 16 
35.400000000000006 1.74 10 15 19 20 18 16 

10 17 3900.0
17.31 3888.89 10 17 
22.75 8.1 10 15 19 17 
25.23 3.01 10 16 17 

10 18 700.0
21.6 693.61 10 16 18 
27.66 1.7699999999999818 10 17 16 18 
31.78 2.81 10 9 8 7 18 
32.02 1.81 10 15 19 20 18 

10 19 1800.0
18.22 1798.61 10 15 19 
29.78 1.39 10 16 17 19 

10 20 2500.0
25.98 1424.81 10 16 18 20 
27.64 1062.73 10 15 19 20 
28.85 2.19 10 15 22 20 
32.04 4.13 10 17 16 18 20 
36.160000000000004 6.139999999999982 10 9 8 7 18 20 

10 21 1200.0
24.57 1197.92 10 15 22 21 
34.370000000000005 0.68 10 16 18 20 21 
36.03 0.46999999999999986 10 15 19 20 21 
50.68 0.93 10 11 12 13 24 21 

10 22 2600.0
20.86 2598.0 10 15 22 
54.37 2.0 10 11 12 13 24 21 22 

10 23 1800.0
32.05 958.86 10 15 22 23 
32.15 303.95 10 11 14 23 
33.71 534.7800000000001 10 15 14 23 
44.43 1.3899999999999864 10 11 12 13 24 23 
48.11000000000001 1.01 10 16 18 20 21 24 23 

10 24 800.0
34.68 425.3 10 15 22 21 24 
35.699999999999996 172.17 10 15 22 23 24 
35.8 73.81 10 11 14 23 24 
37.36 127.65 10 15 14 23 24 
40.8 0.62 10 11 12 13 24 
44.480000000000004 0.45 10 16 18 20 21 24 

11 1 500.0
17.04 486.69 11 4 3 1 
18.71 12.87 11 12 3 1 
48.94 0.44 11 10 9 5 6 2 1 

11 2 200.0
23.049999999999997 194.68 11 4 3 1 2 
24.72 5.139999999999986 11 12 3 1 2 
42.93 0.18 11 10 9 5 6 2 

11 3 300.0
13.01 292.01 11 4 3 
14.68 7.72 11 12 3 
36.15 0.26 11 10 9 5 4 3 

11 4 1500.0
8.36 1491.84 11 4 
19.35 5.69 11 12 3 4 
31.5 1.31 11 10 9 5 4 
63.55 1.16 11 10 16 8 6 5 4 

11 5 500.0
10.739999999999998 497.28 11 4 5 
21.73 1.9 11 12 3 4 5 
29.11 0.44 11 10 9 5 
61.16 0.37999999999999995 11 10 16 8 6 5 

11 6 400.0
17.159999999999997 396.08 11 4 5 6 
30.4 0.30000000000001137 11 4 3 1 2 6 
32.07 2.9599999999999884 11 12 3 1 2 6 
35.53 0.35 11 10 9 5 6 
54.82 0.31 11 10 16 8 6 

11 7 500.0
35.629999999999995 478.79 11 10 16 18 7 
38.82999999999999 11.3 11 4 5 6 8 7 
41.65 4.93 11 10 9 8 7 
41.68999999999999 0.75 11 10 17 16 18 7 
44.46 0.2 11 14 15 19 20 18 7 
45.88999999999999 2.9299999999999997 11 4 5 9 8 7 
46.050000000000004 1.09 11 10 15 19 20 18 7 

11 8 800.0
32.17999999999999 239.51 11 4 5 6 8 
35.0 552.39 11 10 9 8 
39.239999999999995 3.990000000000009 11 4 5 9 8 
39.9 0.62 11 10 16 8 
42.31999999999999 1.6599999999999726 11 10 16 18 7 8 
47.09 1.82 11 12 3 1 2 6 8 

11 9 1400.0
17.7 1383.15 11 10 9 
21.939999999999998 16.3 11 4 5 9 
44.35 0.5499999999999545 11 14 15 10 9 

11 10 3900.0
11.95 3898.46 11 10 
38.6 1.54 11 14 15 10 

11 12 1400.0
10.59 1288.73 11 12 
17.1 110.05 11 4 3 12 
40.239999999999995 1.2199999999999989 11 10 9 5 4 3 12 

11 13 1000.0
13.65 920.52 11 12 13 
20.16 78.6 11 4 3 12 13 
43.3 0.88 11 10 9 5 4 3 12 13 

11 14 1600.0
12.55 1598.6 11 14 
51.54 1.4 11 10 15 22 23 14 

11 15 1400.0
24.44 458.02 11 14 15 
26.03 940.9 11 10 15 
49.11 1.08 11 12 13 24 21 22 15 

11 16 1400.0
30.18 1387.22 11 10 16 
36.239999999999995 5.18 11 10 17 16 
44.65 1.43 11 10 9 8 16 
45.760000000000005 2.25 11 14 15 19 20 18 16 
47.11 0.7499999999999003 11 10 9 8 7 18 16 
51.349999999999994 3.17 11 4 5 9 8 7 18 16 

11 17 1000.0
29.259999999999998 993.81 11 10 17 
33.11 3.74 11 14 15 19 17 
34.7 1.6799999999999997 11 10 15 19 17 
37.18 0.77 11 10 16 17 

11 18 100.0
33.55 98.73 11 10 16 18 
39.60999999999999 0.14999999999999147 11 10 17 16 18 
42.38 0.16 11 14 15 19 20 18 
43.73 0.16 11 10 9 8 7 18 
43.970000000000006 0.21000000000000454 11 10 15 19 20 18 
47.96999999999999 0.58 11 4 5 9 8 7 18 

11 19 400.0
28.580000000000002 130.86 11 14 15 19 
30.17 268.83 11 10 15 19 
53.25 0.31 11 12 13 24 21 22 15 19 

11 20 600.0
37.93 286.77 11 10 16 18 20 
38.0 87.59 11 14 15 19 20 
39.28 12.83 11 14 23 22 20 
39.59 208.54 11 10 15 19 20 
40.800000000000004 0.5199999999999996 11 10 15 22 20 
41.96000000000001 2.1499999999999897 11 14 23 24 21 20 
43.989999999999995 0.37999999999999545 11 10 17 16 18 20 
46.96000000000001 0.46 11 12 13 24 21 20 
52.349999999999994 0.75 11 4 5 9 8 7 18 20 

11 21 400.0
33.660000000000004 276.47 11 14 23 24 21 
34.93 11.65 11 14 15 22 21 
35.0 5.2999999999999545 11 14 23 22 21 
36.52 103.08999999999999 11 10 15 22 21 
38.660000000000004 2.599999999999966 11 12 13 24 21 
46.32 0.23 11 10 16 18 20 21 
47.980000000000004 0.16 11 10 15 19 20 21 
60.739999999999995 0.49 11 4 5 9 8 7 18 20 21 

11 22 1100.0
31.220000000000002 201.89 11 14 15 22 
31.290000000000003 299.65 11 14 23 22 
32.81 597.61 11 10 15 22 
42.35 0.85 11 12 13 24 21 22 

11 23 1300.0
20.130000000000003 1297.86 11 14 23 
32.410000000000004 1.0 11 12 13 24 23 
44.0 1.14 11 10 15 22 23 

11 24 600.0
23.78 591.23 11 14 23 24 
28.78 5.28 11 12 13 24 
35.29 2.96 11 4 3 12 13 24 
47.65 0.5299999999999727 11 10 15 22 23 24 

12 1 200.0
8.120000000000001 200.0 12 3 1 

12 2 100.0
14.13 100.0 12 3 1 2 

12 3 200.0
4.09 200.0 12 3 

12 4 600.0
8.76 600.0 12 3 4 

12 5 200.0
11.14 199.85 12 3 4 5 
71.66 0.15 12 11 10 16 8 6 5 

12 6 200.0
17.560000000000002 65.85 12 3 4 5 6 
21.48 133.99 12 3 1 2 6 
65.32 0.15 12 11 10 16 8 6 

12 7 700.0
39.23 194.19 12 3 4 5 6 8 7 
42.830000000000005 6.75 12 13 24 21 20 18 7 
43.15 363.54 12 3 1 2 6 8 7 
46.129999999999995 0.54 12 11 10 16 18 7 
46.29 131.88 12 3 4 5 9 8 7 
54.739999999999995 2.819999999999993 12 3 4 5 9 8 16 18 7 
61.68 0.27000000000003865 12 3 4 11 14 15 19 20 18 7 

12 8 600.0
32.58 168.78 12 3 4 5 6 8 
36.5 315.29999999999995 12 3 1 2 6 8 
39.64 115.45000000000002 12 3 4 5 9 8 
50.4 0.46 12 11 10 16 8 

12 9 600.0
22.34 599.3 12 3 4 5 9 
28.2 0.46 12 11 10 9 
61.56999999999999 0.23999999999999994 12 3 4 11 14 15 10 9 

12 10 2000.0
22.45 987.78 12 11 10 
28.009999999999998 1011.43 12 3 4 5 9 10 
55.81999999999999 0.79 12 3 4 11 14 15 10 

12 11 1400.0
10.5 1332.92 12 11 
17.22 65.86 12 3 4 11 
40.03 1.2199999999999989 12 3 4 5 9 10 11 

12 13 1300.0
3.06 1300.0 12 13 

12 14 700.0
23.05 662.6 12 11 14 
29.36 5.45 12 13 24 23 14 
29.77 31.329999999999927 12 3 4 11 14 
67.6 0.61 12 3 4 5 9 10 15 22 23 14 

12 15 700.0
34.94 112.16 12 11 14 15 
36.53 302.63 12 11 10 15 
38.52 0.54 12 13 24 21 22 15 
42.089999999999996 283.29 12 3 4 5 9 10 15 
43.25 0.9899999999999523 12 3 4 11 10 15 
49.980000000000004 0.39 12 13 24 21 20 19 15 

12 16 700.0
40.68 3.26 12 11 10 16 
42.23 189.48 12 3 4 5 6 8 16 
44.13000000000001 12.76 12 13 24 21 20 18 16 
46.15 363.53999999999996 12 3 1 2 6 8 16 
49.29 19.159999999999968 12 3 4 5 9 8 16 
51.75 111.52000000000004 12 3 4 5 9 8 7 18 16 
62.980000000000004 0.2799999999999585 12 3 4 11 14 15 19 20 18 16 

12 17 600.0
39.76 295.53 12 11 10 17 
43.61 2.0100000000000477 12 11 14 15 19 17 
45.31999999999999 300.37 12 3 4 5 9 10 17 
47.190000000000005 0.46 12 13 24 21 22 15 19 17 
50.33 0.23999999999995225 12 3 4 11 14 15 19 17 
50.36000000000001 0.34 12 13 24 21 20 19 17 
50.76 0.6699999999999999 12 3 4 5 9 10 15 19 17 
53.15 0.38 12 3 1 2 6 8 16 17 

12 18 200.0
40.75000000000001 19.41 12 13 24 21 20 18 
41.309999999999995 48.15 12 3 4 5 6 8 7 18 
44.05 0.15 12 11 10 16 18 
45.23 97.57 12 3 1 2 6 8 7 18 
48.37 32.650000000000006 12 3 4 5 9 8 7 18 
52.66 1.9899999999999949 12 3 4 5 9 8 16 18 
59.6 0.0799999999999983 12 3 4 11 14 15 19 20 18 

12 19 300.0
39.08 48.07 12 11 14 15 19 
40.67 129.70000000000002 12 11 10 15 19 
42.660000000000004 0.23 12 13 24 21 22 15 19 
45.830000000000005 0.17 12 13 24 21 20 19 
46.23 121.41 12 3 4 5 9 10 15 19 
47.39 0.4199999999999733 12 3 4 11 10 15 19 

12 20 400.0
36.370000000000005 387.66 12 13 24 21 20 
45.69 2.58 12 3 4 5 6 8 7 18 20 
49.61 7.76 12 3 1 2 6 8 7 18 20 
52.75 1.58 12 3 4 5 9 8 7 18 20 
55.22 0.16 12 3 4 11 14 15 19 20 
57.04 0.25 12 3 4 5 9 8 16 18 20 

12 21 300.0
28.07 298.59 12 13 24 21 
36.690000000000005 0.6500000000000341 12 13 24 23 22 21 
58.0 0.26 12 3 1 2 6 8 7 18 20 21 
61.14 0.37 12 3 4 5 9 8 7 18 20 21 
63.61 0.12 12 3 4 11 14 15 19 20 21 

12 22 700.0
31.76 463.71 12 13 24 21 22 
32.980000000000004 234.07999999999998 12 13 24 23 22 
48.510000000000005 0.28 12 3 4 11 14 23 22 
48.87 0.61 12 3 4 5 9 10 15 22 
57.61 0.44 12 3 1 2 6 8 7 18 20 22 
60.75 0.43 12 3 4 5 9 8 7 18 20 22 
65.03999999999999 0.44 12 3 4 5 9 8 16 18 20 22 

12 23 700.0
21.82 699.11 12 13 24 23 
37.35 0.28 12 3 4 11 14 23 
60.059999999999995 0.61 12 3 4 5 9 10 15 22 23 

12 24 500.0
18.19 499.36 12 13 24 
41.0 0.2 12 3 4 11 14 23 24 
63.709999999999994 0.44 12 3 4 5 9 10 15 22 23 24 

13 1 500.0
11.18 500.0 13 12 3 1 

13 2 300.0
17.189999999999998 300.0 13 12 3 1 2 

13 3 100.0
7.15 100.0 13 12 3 

13 4 600.0
11.82 600.0 13 12 3 4 

13 5 200.0
14.2 199.85 13 12 3 4 5 
74.72 0.15 13 12 11 10 16 8 6 5 

13 6 200.0
20.619999999999997 65.85 13 12 3 4 5 6 
24.54 133.99 13 12 3 1 2 6 
68.38 0.15 13 12 11 10 16 8 6 

13 7 400.0
39.77 106.31 13 24 21 20 18 7 
42.29 73.21 13 12 3 4 5 6 8 7 
46.21 169.1 13 12 3 1 2 6 8 7 
49.18999999999999 0.31 13 12 11 10 16 18 7 
49.35 49.30000000000004 13 12 3 4 5 9 8 7 
57.8 1.5999999999999588 13 12 3 4 5 9 8 16 18 7 
64.74000000000001 0.1599999999999966 13 12 3 4 11 14 15 19 20 18 7 

13 8 600.0
35.64 168.78 13 12 3 4 5 6 8 
39.56 315.29999999999995 13 12 3 1 2 6 8 
42.7 115.45000000000002 13 12 3 4 5 9 8 
53.459999999999994 0.46 13 12 11 10 16 8 

13 9 600.0
25.4 599.3 13 12 3 4 5 9 
31.259999999999998 0.46 13 12 11 10 9 
64.63 0.23999999999999994 13 12 3 4 11 14 15 10 9 

13 10 1900.0
25.509999999999998 938.39 13 12 11 10 
31.07 960.86 13 12 3 4 5 9 10 
58.879999999999995 0.75 13 12 3 4 11 14 15 10 

13 11 1000.0
13.56 952.08 13 12 11 
20.28 47.04 13 12 3 4 11 
43.09 0.8799999999999599 13 12 3 4 5 9 10 11 

13 12 1300.0
3.06 1300.0 13 12 

13 14 600.0
26.11 567.94 13 12 11 14 
26.3 4.67 13 24 23 14 
32.83 26.8599999999999 13 12 3 4 11 14 
70.66 0.520000000000099 13 12 3 4 5 9 10 15 22 23 14 

13 15 700.0
35.46 0.54 13 24 21 22 15 
38.0 112.16 13 12 11 14 15 
39.589999999999996 302.63 13 12 11 10 15 
45.15 283.29 13 12 3 4 5 9 10 15 
46.31 0.9899999999999523 13 12 3 4 11 10 15 
46.92 0.39 13 24 21 20 19 15 

13 16 600.0
41.07000000000001 495.54 13 24 21 20 18 16 
43.739999999999995 0.46 13 12 11 10 16 
45.29 27.65 13 12 3 4 5 6 8 16 
49.21 48.309999999999995 13 12 3 1 2 6 8 16 
51.67 16.9 13 12 3 1 2 6 8 7 18 16 
54.81 10.899999999999999 13 12 3 4 5 9 8 7 18 16 
66.04 0.23000000000000398 13 12 3 4 11 14 15 19 20 18 16 

13 17 500.0
42.81999999999999 246.28 13 12 11 10 17 
44.13 0.39 13 24 21 22 15 19 17 
46.67 1.6699999999999875 13 12 11 14 15 19 17 
47.300000000000004 0.28 13 24 21 20 19 17 
48.379999999999995 250.30999999999997 13 12 3 4 5 9 10 17 
53.39 0.2 13 12 3 4 11 14 15 19 17 
53.82 0.5600000000000123 13 12 3 4 5 9 10 15 19 17 
56.21 0.3100000000000094 13 12 3 1 2 6 8 16 17 

13 18 100.0
37.690000000000005 89.46 13 24 21 20 18 
44.37 1.86 13 12 3 4 5 6 8 7 18 
47.10999999999999 0.08 13 12 11 10 16 18 
48.29 7.2299999999999995 13 12 3 1 2 6 8 7 18 
51.43 0.9300000000000006 13 12 3 4 5 9 8 7 18 
55.72 0.39999999999999925 13 12 3 4 5 9 8 16 18 
62.660000000000004 0.04 13 12 3 4 11 14 15 19 20 18 

13 19 300.0
39.6 0.23 13 24 21 22 15 19 
42.14 48.07 13 12 11 14 15 19 
42.77 0.17 13 24 21 20 19 
43.73 129.70000000000002 13 12 11 10 15 19 
49.29 121.41 13 12 3 4 5 9 10 15 19 
50.45 0.4199999999999591 13 12 3 4 11 10 15 19 

13 20 600.0
33.31 594.52 13 24 21 20 
48.75 0.91 13 12 3 4 5 6 8 7 18 20 
52.67 3.59 13 12 3 1 2 6 8 7 18 20 
55.81 0.3700000000000001 13 12 3 4 5 9 8 7 18 20 
58.28 0.24 13 12 3 4 11 14 15 19 20 
60.1 0.3699999999999998 13 12 3 4 5 9 8 16 18 20 

13 21 600.0
25.01 597.92 13 24 21 
33.63 1.32 13 24 23 22 21 
61.06 0.53 13 12 3 1 2 6 8 7 18 20 21 
66.67 0.22999999999999998 13 12 3 4 11 14 15 19 20 21 

13 22 1300.0
28.700000000000003 861.17 13 24 21 22 
29.92 434.73000000000013 13 24 23 22 
51.56999999999999 0.51 13 12 3 4 11 14 23 22 
51.93 1.14 13 12 3 4 5 9 10 15 22 
60.67 0.82 13 12 3 1 2 6 8 7 18 20 22 
63.81 0.8000000000000002 13 12 3 4 5 9 8 7 18 20 22 
68.1 0.8199999999999997 13 12 3 4 5 9 8 16 18 20 22 

13 23 800.0
18.76 798.98 13 24 23 
40.41 0.32 13 12 3 4 11 14 23 
63.12 0.7 13 12 3 4 5 9 10 15 22 23 

13 24 800.0
15.13 798.98 13 24 
44.059999999999995 0.32 13 12 3 4 11 14 23 24 
66.77 0.7 13 12 3 4 5 9 10 15 22 23 24 

14 1 300.0
29.700000000000003 291.65 14 11 4 3 1 
31.37 7.55 14 11 12 3 1 
37.59 0.53 14 23 24 13 12 3 1 
76.65 0.26 14 23 22 15 10 9 5 6 2 1 

14 2 100.0
35.71 97.22 14 11 4 3 1 2 
37.38 2.519999999999996 14 11 12 3 1 2 
43.6 0.1700000000000017 14 23 24 13 12 3 1 2 
70.64 0.0899999999999983 14 23 22 15 10 9 5 6 2 

14 3 100.0
25.67 97.22 14 11 4 3 
27.34 2.519999999999996 14 11 12 3 
33.56 0.18 14 23 24 13 12 3 
63.85999999999999 0.0799999999999983 14 23 22 15 10 9 5 4 3 

14 4 500.0
21.02 497.0 14 11 4 
32.01 1.9 14 11 12 3 4 
38.230000000000004 0.28 14 23 24 13 12 3 4 
44.16 0.3799999999999728 14 11 10 9 5 4 
59.209999999999994 0.0600000000000272 14 23 22 15 10 9 5 4 
91.26 0.37999999999997275 14 23 22 15 10 16 8 6 5 4 

14 5 100.0
23.4 99.4 14 11 4 5 
34.39 0.38 14 11 12 3 4 5 
40.61000000000001 0.05999999999999772 14 23 24 13 12 3 4 5 
41.769999999999996 0.07999999999999374 14 11 10 9 5 
56.81999999999999 0.010000000000006254 14 23 22 15 10 9 5 
88.87 0.06999999999999604 14 23 22 15 10 16 8 6 5 

14 6 100.0
29.82 98.96 14 11 4 5 6 
43.06 0.0800000000000125 14 11 4 3 1 2 6 
44.730000000000004 0.74 14 11 12 3 1 2 6 
48.19 0.07999999999999319 14 11 10 9 5 6 
50.95 0.0499999999999875 14 23 24 13 12 3 1 2 6 
63.239999999999995 0.010000000000006809 14 23 22 15 10 9 5 6 
82.53 0.07999999999999319 14 23 22 15 10 16 8 6 

14 7 200.0
31.910000000000004 160.41 14 15 19 20 18 7 
33.190000000000005 37.81 14 23 22 20 18 7 
35.87 1.6299999999999955 14 23 24 21 20 18 7 
48.29 0.15 14 11 10 16 18 7 

14 8 400.0
37.260000000000005 4.98 14 15 19 17 16 8 
38.6 316.82 14 15 19 20 18 7 8 
39.88 74.06 14 23 22 20 18 7 8 
42.559999999999995 0.7200000000000273 14 23 24 21 20 18 7 8 
44.84 0.16 14 11 4 5 6 8 
46.89 2.5399999999999636 14 23 24 21 20 18 16 8 
47.66 0.30999999999999994 14 11 10 9 8 
49.1 0.10000000000000003 14 15 10 9 8 
54.0 0.30999999999996813 14 15 10 16 8 

14 9 600.0
30.36 251.4 14 11 10 9 
31.8 343.86 14 15 10 9 
34.599999999999994 4.21 14 11 4 5 9 
45.41 0.5199999999999818 14 23 22 15 10 9 

14 10 2100.0
24.61 879.91 14 11 10 
26.05 1218.25 14 15 10 
39.66 1.8399999999999181 14 23 22 15 10 

14 11 1600.0
12.66 1598.6 14 11 
51.67999999999999 1.4 14 23 22 15 10 11 

14 12 700.0
23.25 643.97 14 11 12 
29.47 1.24 14 23 24 13 12 
29.76 54.17999999999995 14 11 4 3 12 
67.94999999999999 0.61 14 23 22 15 10 9 5 4 3 12 

14 13 600.0
26.31 544.55 14 11 12 13 
26.41 8.49 14 23 24 13 
32.82 46.44 14 11 4 3 12 13 
71.00999999999999 0.5199999999999996 14 23 22 15 10 9 5 4 3 12 13 

14 15 1300.0
11.89 1297.86 14 15 
25.5 1.14 14 23 22 15 
61.769999999999996 1.0 14 11 12 13 24 21 22 15 

14 16 700.0
27.540000000000003 354.94 14 15 19 17 16 
33.21 238.45999999999998 14 15 19 20 18 16 
34.49 100.35 14 23 22 20 18 16 
37.17 5.71 14 23 24 21 20 18 16 
42.84 0.54 14 11 10 16 

14 17 700.0
20.560000000000002 698.85 14 15 19 17 
34.17 0.32999999999992724 14 23 22 15 19 17 
41.92 0.28 14 11 10 17 
49.84 0.26 14 11 10 16 17 
64.89 0.28 14 23 22 15 10 16 17 

14 18 100.0
29.830000000000002 80.2 14 15 19 20 18 
31.110000000000003 18.9 14 23 22 20 18 
33.79 0.82 14 23 24 21 20 18 
46.21 0.08 14 11 10 16 18 

14 19 300.0
16.03 299.51 14 15 19 
29.64 0.26 14 23 22 15 19 
65.91 0.22999999999999998 14 11 12 13 24 21 22 15 19 

14 20 500.0
25.450000000000003 401.02 14 15 19 20 
26.730000000000004 94.52 14 23 22 20 
29.41 4.079999999999998 14 23 24 21 20 
59.620000000000005 0.38000000000000167 14 11 12 13 24 21 20 

14 21 400.0
21.11 367.64 14 23 24 21 
22.380000000000003 14.04 14 15 22 21 
22.450000000000003 17.85 14 23 22 21 
33.84 0.16 14 15 19 20 21 
51.32 0.31 14 11 12 13 24 21 

14 22 1200.0
18.67 451.52 14 15 22 
18.740000000000002 746.88 14 23 22 
24.8 0.6699999999999591 14 23 24 21 22 
55.01 0.93 14 11 12 13 24 21 22 

14 23 1100.0
7.58 1099.15 14 23 
45.07 0.85 14 11 12 13 24 23 

14 24 400.0
11.23 399.69 14 23 24 
41.44 0.31 14 11 12 13 24 

15 1 500.0
41.75 30.36 15 14 11 4 3 1 
42.39 394.39 15 10 9 5 4 3 1 
43.22 69.25999999999999 15 10 11 4 3 1 
44.89 4.88 15 10 11 12 3 1 
46.96000000000001 0.39 15 22 21 24 13 12 3 1 
49.64 0.2799999999999999 15 14 23 24 13 12 3 1 
51.15 0.4399999999999977 15 10 9 5 6 2 1 

15 2 100.0
45.14 0.09 15 10 9 5 6 2 
47.76 6.07 15 14 11 4 3 1 2 
48.4 78.88 15 10 9 5 4 3 1 2 
49.23 13.849999999999994 15 10 11 4 3 1 2 
50.9 0.98 15 10 11 12 3 1 2 
52.970000000000006 0.08 15 22 21 24 13 12 3 1 2 
55.65 0.05 15 14 23 24 13 12 3 1 2 

15 3 100.0
37.72 6.07 15 14 11 4 3 
38.36 78.97 15 10 9 5 4 3 
39.19 13.849999999999994 15 10 11 4 3 
40.86 0.98 15 10 11 12 3 
42.93000000000001 0.08 15 22 21 24 13 12 3 
45.61 0.05 15 14 23 24 13 12 3 

15 4 500.0
33.07 29.22 15 14 11 4 
33.71 395.97 15 10 9 5 4 
34.54 74.14999999999998 15 10 11 4 
49.019999999999996 0.37999999999999545 15 19 17 16 8 6 5 4 
50.28 0.28 15 14 23 24 13 12 3 4 

15 5 200.0
31.32 198.7 15 10 9 5 
35.45 0.83 15 14 11 4 5 
36.92 0.2 15 10 11 4 5 
46.629999999999995 0.15 15 19 17 16 8 6 5 
52.660000000000004 0.10999999999999999 15 14 23 24 13 12 3 4 5 

15 6 200.0
37.74 197.85 15 10 9 5 6 
40.29 0.28 15 19 17 16 8 6 
41.629999999999995 0.10999999999999999 15 19 20 18 7 8 6 
41.870000000000005 0.5800000000000125 15 14 11 4 5 6 
55.11 0.24999999999998745 15 14 11 4 3 1 2 6 
56.58 0.20000000000000007 15 10 11 4 3 1 2 6 
58.25 0.72 15 10 11 12 3 1 2 6 

15 7 500.0
20.019999999999996 497.23 15 19 20 18 7 
21.229999999999997 2.38 15 22 20 18 7 
25.25 0.3899999999999819 15 22 21 20 18 7 

15 8 600.0
25.37 10.09 15 19 17 16 8 
26.709999999999997 587.4 15 19 20 18 7 8 
31.04 1.3700000000000045 15 19 20 18 16 8 
32.25 0.5199999999999818 15 22 20 18 16 8 
37.21 0.61 15 10 9 8 

15 9 1000.0
19.91 999.23 15 10 9 
67.04 0.7699999999999818 15 22 21 24 13 12 11 10 9 

15 10 4000.0
14.16 3996.92 15 10 
61.290000000000006 3.08 15 22 21 24 13 12 11 10 

15 11 1400.0
24.71 467.4 15 14 11 
26.18 931.52 15 10 11 
49.34 1.08 15 22 21 24 13 12 11 

15 12 700.0
35.3 92.48 15 14 11 12 
36.769999999999996 320.56 15 10 11 12 
38.84 0.54 15 22 21 24 13 12 
41.52 0.39 15 14 23 24 13 12 
42.45 282.93 15 10 9 5 4 3 12 
43.28 3.090000000000032 15 10 11 4 3 12 

15 13 700.0
35.78 0.54 15 22 21 24 13 
38.36 92.48 15 14 11 12 13 
38.46 0.39 15 14 23 24 13 
39.83 320.56 15 10 11 12 13 
45.510000000000005 282.93 15 10 9 5 4 3 12 13 
46.34 3.090000000000032 15 10 11 4 3 12 13 

15 14 1300.0
12.05 1296.29 15 14 
25.509999999999998 2.71 15 22 23 14 
61.89 1.0 15 22 21 24 13 12 11 14 

15 16 1200.0
15.65 679.72 15 19 17 16 
21.319999999999997 519.23 15 19 20 18 16 
22.529999999999998 1.0499999999999545 15 22 20 18 16 

15 17 1500.0
8.67 1499.41 15 19 17 
31.47 0.59 15 10 17 

15 18 200.0
17.939999999999998 198.89 15 19 20 18 
19.15 0.95 15 22 20 18 
23.169999999999998 0.15 15 22 21 20 18 

15 19 800.0
4.14 800.0 15 19 

15 20 1100.0
13.559999999999999 1093.91 15 19 20 
14.77 5.24 15 22 20 
18.79 0.8499999999999996 15 22 21 20 

15 21 800.0
10.49 799.23 15 22 21 
21.95 0.77 15 19 20 21 

15 22 2600.0
6.78 2600.0 15 22 

15 23 1000.0
17.97 577.04 15 22 23 
19.630000000000003 422.96 15 14 23 

15 24 400.0
20.6 224.25 15 22 21 24 
21.619999999999997 86.07999999999998 15 22 23 24 
23.28 89.67 15 14 23 24 

16 1 500.0
38.05 404.84 16 8 6 2 1 
40.47 89.93 16 18 7 8 6 2 1 
44.470000000000006 1.14 16 18 7 8 6 5 4 3 1 
52.25 3.099999999999995 16 18 7 8 9 5 4 3 1 
52.61 0.79 16 18 20 21 24 13 12 3 1 
63.10999999999999 0.19999999999999485 16 18 20 19 15 14 11 4 3 1 

16 2 400.0
32.04 323.87 16 8 6 2 
34.46 75.33999999999997 16 18 7 8 6 2 
58.62 0.63 16 18 20 21 24 13 12 3 1 2 
69.11999999999999 0.16 16 18 20 19 15 14 11 4 3 1 2 

16 3 200.0
38.019999999999996 53.93 16 8 6 5 4 3 
42.08 107.85 16 8 6 2 1 3 
43.49 0.08 16 10 11 4 3 
44.5 1.2199999999999989 16 18 7 8 6 2 1 3 
45.16 0.06999999999999999 16 10 11 12 3 
48.22 36.449999999999996 16 18 7 8 9 5 4 3 
48.58 0.32 16 18 20 21 24 13 12 3 
60.75 0.07000000000000767 16 18 20 19 15 14 11 12 3 

16 4 800.0
33.37 585.83 16 8 6 5 4 
38.010000000000005 2.72 16 10 9 5 4 
41.150000000000006 62.729999999999905 16 8 9 5 4 
43.57 146.74000000000004 16 18 7 8 9 5 4 
49.17 1.2099999999999227 16 18 7 8 6 2 1 3 4 
53.25 0.45 16 18 20 21 24 13 12 3 4 
54.42999999999999 0.32 16 18 20 19 15 14 11 4 

16 5 500.0
30.98 367.18 16 8 6 5 
35.620000000000005 1.7 16 10 9 5 
38.760000000000005 38.170000000000016 16 8 9 5 
41.18 92.74999999999997 16 18 7 8 9 5 
56.809999999999995 0.2 16 18 20 19 15 14 11 4 5 

16 6 900.0
24.64 729.99 16 8 6 
27.060000000000002 170.01 16 18 7 8 6 

16 7 1400.0
5.45 1400.0 16 18 7 

16 8 2200.0
9.72 1784.41 16 8 
12.14 415.59 16 18 7 8 

16 9 1400.0
24.21 17.52 16 10 9 
27.35 1131.79 16 8 9 
29.77 248.01999999999998 16 18 7 8 9 
30.06 2.11 16 17 10 9 
41.269999999999996 0.55 16 18 20 19 15 10 9 

16 10 4400.0
18.46 4369.47 16 10 
24.31 11.12 16 17 10 
33.02 12.18 16 8 9 10 
35.44 5.48 16 18 7 8 9 10 
35.519999999999996 1.74 16 18 20 19 15 10 

16 11 1400.0
30.48 1390.29 16 10 11 
36.33 3.54 16 17 10 11 
45.040000000000006 3.87 16 8 9 10 11 
46.06999999999999 0.55 16 18 20 19 15 14 11 
52.03 1.7499999999999998 16 18 7 8 9 5 4 11 

16 12 700.0
41.07 0.54 16 10 11 12 
42.11 182.3 16 8 6 5 4 3 12 
44.49 31.77 16 18 20 21 24 13 12 
46.17 359.07 16 8 6 2 1 3 12 
49.89 8.659999999999968 16 8 9 5 4 3 12 
52.31 117.38 16 18 7 8 9 5 4 3 12 
63.16999999999999 0.2799999999999976 16 18 20 19 15 14 11 4 3 12 

16 13 600.0
41.43 471.09 16 18 20 21 24 13 
44.13 0.46 16 10 11 12 13 
45.17 49.04 16 8 6 5 4 3 12 13 
49.230000000000004 51.470000000000006 16 8 6 2 1 3 12 13 
51.650000000000006 11.199999999999989 16 18 7 8 6 2 1 3 12 13 
55.370000000000005 16.5 16 18 7 8 9 5 4 3 12 13 
66.22999999999999 0.22999999999999687 16 18 20 19 15 14 11 4 3 12 13 

16 14 700.0
27.75 336.36 16 17 19 15 14 
33.41 265.80999999999995 16 18 20 19 15 14 
34.48 95.73 16 18 20 22 23 14 
34.56 0.7099999999999937 16 18 20 22 15 14 
37.42 0.8499999999999943 16 18 20 21 24 23 14 
43.03 0.54 16 10 11 14 

16 15 1200.0
15.700000000000001 715.11 16 17 19 15 
21.36 482.61 16 18 20 19 15 
22.509999999999998 2.2799999999999727 16 18 20 22 15 

16 17 2800.0
7.0 2797.31 16 17 
21.740000000000002 2.69 16 18 20 19 17 

16 18 500.0
3.37 500.0 16 18 

16 19 1300.0
11.55 775.84 16 17 19 
17.21 524.16 16 18 20 19 

16 20 1600.0
7.75 1600.0 16 18 20 

16 21 600.0
16.14 599.54 16 18 20 21 
69.14 0.46 16 10 11 12 13 24 21 

16 22 1200.0
15.75 1198.4 16 18 20 22 
19.830000000000002 0.6699999999998454 16 18 20 21 22 
72.83 0.93 16 10 11 12 13 24 21 22 

16 23 500.0
26.939999999999998 479.17 16 18 20 22 23 
29.88 20.439999999999998 16 18 20 21 24 23 
62.89000000000001 0.39 16 10 11 12 13 24 23 

16 24 300.0
26.25 299.2 16 18 20 21 24 
30.589999999999996 0.5699999999999932 16 18 20 22 23 24 
59.260000000000005 0.23 16 10 11 12 13 24 

17 1 400.0
45.03 0.25 17 16 8 6 2 1 
45.54 334.96 17 10 9 5 4 3 1 
46.37 60.91 17 10 11 4 3 1 
48.040000000000006 2.7400000000000375 17 10 11 12 3 1 
52.120000000000005 0.16 17 19 15 14 11 12 3 1 
53.59 0.09999999999996248 17 19 15 10 11 12 3 1 
55.66000000000001 0.31 17 19 15 22 21 24 13 12 3 1 
58.83 0.2199999999999998 17 19 20 21 24 13 12 3 1 
59.849999999999994 0.34000000000003755 17 19 15 10 9 5 6 2 1 

17 2 200.0
39.02 10.22 17 16 8 6 2 
41.44 1.9499999999999993 17 16 18 7 8 6 2 
48.29 0.17999999999999972 17 10 9 5 6 2 
51.55 159.2 17 10 9 5 4 3 1 2 
52.379999999999995 26.83 17 10 11 4 3 1 2 
54.050000000000004 1.2000000000000028 17 10 11 12 3 1 2 
58.13 0.08 17 19 15 14 11 12 3 1 2 
59.6 0.21999999999999714 17 19 15 10 11 12 3 1 2 
64.84 0.11 17 19 20 21 24 13 12 3 1 2 

17 3 100.0
41.51 83.83 17 10 9 5 4 3 
42.339999999999996 15.23 17 10 11 4 3 
44.010000000000005 0.590000000000007 17 10 11 12 3 
45.00000000000001 0.06 17 16 8 6 5 4 3 
48.09 0.04 17 19 15 14 11 12 3 
49.56 0.11999999999999211 17 19 15 10 11 12 3 
51.63000000000001 0.07000000000000789 17 19 15 22 21 24 13 12 3 
54.8 0.05000000000000002 17 19 20 21 24 13 12 3 

17 4 500.0
36.86 419.13 17 10 9 5 4 
37.69 79.13 17 10 11 4 
40.35000000000001 0.6999999999999886 17 16 8 6 5 4 
41.769999999999996 0.2 17 19 15 14 11 4 
43.239999999999995 0.55 17 19 15 10 11 4 
59.47 0.28 17 19 20 21 24 13 12 3 4 

17 5 200.0
34.47 199.01 17 10 9 5 
37.96000000000001 0.28 17 16 8 6 5 
40.07 0.29000000000002046 17 10 11 4 5 
44.15 0.08 17 19 15 14 11 4 5 
45.62 0.2199999999999795 17 19 15 10 11 4 5 
61.85 0.11 17 19 20 21 24 13 12 3 4 5 

17 6 500.0
31.620000000000005 378.73 17 16 8 6 
34.04 79.89999999999998 17 16 18 7 8 6 
40.89 39.95 17 10 9 5 6 
42.04 0.28 17 19 20 18 7 8 6 
58.9 0.37999999999999545 17 10 9 5 4 3 1 2 6 
63.809999999999995 0.2 17 19 15 14 11 4 3 1 2 6 
64.44999999999999 0.05000000000000426 17 19 15 10 9 5 4 3 1 2 6 
65.27999999999999 0.5000000000000002 17 19 15 10 11 4 3 1 2 6 

17 7 1000.0
12.430000000000001 997.53 17 16 18 7 
20.43 2.47 17 19 20 18 7 

17 8 1400.0
16.700000000000003 1135.53 17 16 8 
19.12 261.01 17 16 18 7 8 
27.12 3.46 17 19 20 18 7 8 

17 9 900.0
23.06 897.44 17 10 9 
28.61 1.87 17 19 15 10 9 
31.19 0.6899999999999453 17 16 10 9 

17 10 3900.0
17.31 3888.89 17 10 
22.86 8.1 17 19 15 10 
25.44 3.01 17 16 10 

17 11 1000.0
29.33 992.68 17 10 11 
33.41 4.87 17 19 15 14 11 
34.879999999999995 1.6799999999999997 17 19 15 10 11 
37.46 0.77 17 16 10 11 

17 12 600.0
39.92 319.9 17 10 11 12 
45.599999999999994 277.96 17 10 9 5 4 3 12 
46.42999999999999 0.05000000000001137 17 10 11 4 3 12 
47.540000000000006 0.46 17 19 15 22 21 24 13 12 
49.09 0.37999999999999545 17 16 8 6 5 4 3 12 
50.50999999999999 0.24 17 19 15 14 11 4 3 12 
50.71 0.34 17 19 20 21 24 13 12 
51.97999999999999 0.6699999999999886 17 19 15 10 11 4 3 12 

17 13 500.0
42.980000000000004 266.58 17 10 11 12 13 
44.480000000000004 0.39 17 19 15 22 21 24 13 
47.65 0.28 17 19 20 21 24 13 
48.66 231.63 17 10 9 5 4 3 12 13 
49.489999999999995 0.05000000000001137 17 10 11 4 3 12 13 
52.150000000000006 0.3199999999999932 17 16 8 6 5 4 3 12 13 
53.56999999999999 0.2 17 19 15 14 11 4 3 12 13 
55.03999999999999 0.5499999999999887 17 19 15 10 11 4 3 12 13 

17 14 700.0
20.75 698.0 17 19 15 14 
34.21 1.17999999999995 17 19 15 22 23 14 
41.879999999999995 0.28 17 10 11 14 
50.010000000000005 0.26 17 16 10 11 14 
65.03 0.28 17 16 10 15 22 23 14 

17 15 1500.0
8.7 1499.41 17 19 15 
31.39 0.59 17 10 15 

17 16 2800.0
6.98 2797.31 17 16 
21.729999999999997 2.69 17 19 20 18 16 

17 18 600.0
10.350000000000001 598.52 17 16 18 
18.349999999999998 1.48 17 19 20 18 

17 19 1700.0
4.55 1700.0 17 19 

17 20 1700.0
13.969999999999999 4.21 17 19 20 
14.73 1694.48 17 16 18 20 
27.490000000000002 1.3099999999999996 17 19 15 22 21 20 

17 21 600.0
19.19 58.3 17 19 15 22 21 
22.36 0.58 17 19 20 21 
23.12 541.12 17 16 18 20 21 

17 22 1700.0
15.48 1694.4 17 19 15 22 
22.73 4.93 17 16 18 20 22 
38.17 0.6699999999998454 17 10 15 22 

17 23 600.0
26.67 346.22 17 19 15 22 23 
28.33 252.92999999999995 17 19 15 14 23 
36.86000000000001 0.61 17 16 18 20 21 24 23 
51.019999999999996 0.24 17 10 15 14 23 

17 24 300.0
29.3 21.63 17 19 15 22 21 24 
30.32 47.79 17 19 15 22 23 24 
31.979999999999997 30.46 17 19 15 14 23 24 
32.47 0.17 17 19 20 21 24 
33.230000000000004 199.83 17 16 18 20 21 24 
54.669999999999995 0.11999999999999744 17 10 15 14 23 24 

18 1 100.0
37.099999999999994 97.84 18 7 8 6 2 1 
41.43 1.1099999999999994 18 16 8 6 2 1 
45.43 0.23 18 16 8 6 5 4 3 1 
49.24000000000001 0.53 18 20 21 24 13 12 3 1 
53.21 0.23999999999999996 18 16 8 9 5 4 3 1 
59.74 0.039999999999999925 18 20 19 15 14 11 4 3 1 

18 4 100.0
32.419999999999995 73.23 18 7 8 6 5 4 
40.2 24.61 18 7 8 9 5 4 
44.53 1.4699999999999989 18 16 8 9 5 4 
49.88000000000001 0.16 18 20 21 24 13 12 3 4 
50.13 0.4899999999999949 18 16 8 6 2 1 3 4 
51.06 0.04 18 20 19 15 14 11 4 

18 6 100.0
23.689999999999998 97.9 18 7 8 6 
28.020000000000003 2.059999999999988 18 16 8 6 
59.86000000000001 0.04 18 20 19 15 14 11 4 5 6 

18 7 200.0
2.08 200.0 18 7 

18 8 300.0
8.77 293.7 18 7 8 
13.100000000000001 6.3 18 16 8 

18 9 200.0
26.4 194.07 18 7 8 9 
27.59 1.71 18 16 10 9 
30.73 3.84 18 16 8 9 
33.44 0.2999999999999998 18 16 17 10 9 
37.900000000000006 0.08 18 20 19 15 10 9 

18 10 700.0
21.84 692.42 18 16 10 
27.689999999999998 1.77 18 16 17 10 
32.07 0.87 18 7 8 9 10 
32.150000000000006 3.0 18 20 19 15 10 
36.4 1.94 18 16 8 9 10 

18 11 200.0
33.86 194.9 18 16 10 11 
39.709999999999994 0.51 18 16 17 10 11 
40.879999999999995 1.15 18 7 8 6 5 4 11 
42.7 0.83 18 20 19 15 14 11 
43.769999999999996 1.3399999999999999 18 20 22 23 14 11 
44.09 0.24 18 7 8 9 10 11 
44.17 0.7699999999999818 18 20 19 15 10 11 
48.660000000000004 0.010000000000000009 18 7 8 9 5 4 11 
52.99 0.22999999999998066 18 16 8 9 5 4 11 

18 12 200.0
41.120000000000005 18.47 18 20 21 24 13 12 
41.16 49.4 18 7 8 6 5 4 3 12 
44.45 0.15 18 16 10 11 12 
45.22 97.94 18 7 8 6 2 1 3 12 
48.94 33.829999999999984 18 7 8 9 5 4 3 12 
53.269999999999996 0.13 18 16 8 9 5 4 3 12 
59.8 0.08 18 20 19 15 14 11 4 3 12 

18 13 100.0
38.06 91.77 18 20 21 24 13 
44.22 2.55 18 7 8 6 5 4 3 12 13 
47.510000000000005 0.08 18 16 10 11 12 13 
48.28 4.73 18 7 8 6 2 1 3 12 13 
52.0 0.7700000000000005 18 7 8 9 5 4 3 12 13 
56.33 0.0599999999999995 18 16 8 9 5 4 3 12 13 
62.86 0.04 18 20 19 15 14 11 4 3 12 13 

18 14 100.0
30.040000000000003 82.6 18 20 19 15 14 
31.11 17.04 18 20 22 23 14 
31.13 0.06 18 16 17 19 15 14 
31.19 0.1 18 20 22 15 14 
34.05 0.12 18 20 21 24 23 14 
46.41 0.08 18 16 10 11 14 

18 15 200.0
17.990000000000002 197.83 18 20 19 15 
19.08 0.12999999999999545 18 16 17 19 15 
19.14 1.89 18 20 22 15 
23.22 0.14999999999999214 18 20 21 22 15 

18 16 500.0
3.38 500.0 18 16 

18 17 600.0
10.379999999999999 598.52 18 16 17 
18.37 1.48 18 20 19 17 

18 19 300.0
13.84 299.32 18 20 19 
14.93 0.42 18 16 17 19 
23.28 0.2599999999999909 18 20 22 15 19 

18 20 400.0
4.38 400.0 18 20 

18 21 100.0
12.77 100.0 18 20 21 

18 22 300.0
12.379999999999999 299.6 18 20 22 
16.46 0.39999999999997726 18 20 21 22 

18 23 100.0
23.57 95.83 18 20 22 23 
26.509999999999998 4.09 18 20 21 24 23 
27.65 0.0799999999999983 18 20 21 22 23 

19 1 300.0
45.9 18.21 19 15 14 11 4 3 1 
46.54 236.63 19 15 10 9 5 4 3 1 
47.37 41.37 19 15 10 11 4 3 1 
49.040000000000006 2.9299999999999997 19 15 10 11 12 3 1 
49.56 0.19 19 17 16 8 6 2 1 
51.11 0.23 19 15 22 21 24 13 12 3 1 
54.28 0.17 19 20 21 24 13 12 3 1 
55.3 0.26 19 15 10 9 5 6 2 1 

19 2 100.0
43.550000000000004 0.06 19 17 16 8 6 2 
49.29 0.09 19 15 10 9 5 6 2 
51.91 6.07 19 15 14 11 4 3 1 2 
52.55 78.88 19 15 10 9 5 4 3 1 2 
53.379999999999995 13.789999999999992 19 15 10 11 4 3 1 2 
55.050000000000004 0.9700000000000131 19 15 10 11 12 3 1 2 
57.12 0.0799999999999983 19 15 22 21 24 13 12 3 1 2 
60.29 0.05000000000000171 19 20 21 24 13 12 3 1 2 

19 4 200.0
37.22 11.69 19 15 14 11 4 
37.86 158.39 19 15 10 9 5 4 
38.69 29.650000000000006 19 15 10 11 4 
44.88000000000001 0.15 19 17 16 8 6 5 4 
54.92 0.11 19 20 21 24 13 12 3 4 

19 5 100.0
35.47 99.35 19 15 10 9 5 
39.6 0.41 19 15 14 11 4 5 
41.07 0.1 19 15 10 11 4 5 
42.49000000000001 0.08 19 17 16 8 6 5 
57.300000000000004 0.05999999999999997 19 20 21 24 13 12 3 4 5 

19 6 200.0
36.150000000000006 1.0 19 17 16 8 6 
37.49 28.6 19 20 18 7 8 6 
41.89 169.37 19 15 10 9 5 6 
46.02 0.8299999999999841 19 15 14 11 4 5 6 
59.26 1.587618925213974e-14 19 15 14 11 4 3 1 2 6 
60.73 0.19999999999998413 19 15 10 11 4 3 1 2 6 

19 7 400.0
15.88 399.34 19 20 18 7 
16.96 0.31 19 17 16 18 7 
25.380000000000003 0.35 19 15 22 20 18 7 

19 8 700.0
21.230000000000004 11.78 19 17 16 8 
22.57 685.29 19 20 18 7 8 
26.9 2.32000000000005 19 20 18 16 8 
36.4 0.6099999999999501 19 15 22 20 18 16 8 

19 9 400.0
24.060000000000002 399.69 19 15 10 9 
35.72 0.31 19 17 16 10 9 

19 10 1800.0
18.310000000000002 1798.61 19 15 10 
29.970000000000002 1.39 19 17 16 10 

19 11 400.0
28.860000000000003 133.54 19 15 14 11 
30.330000000000002 266.15 19 15 10 11 
53.49 0.31 19 15 22 21 24 13 12 11 

19 12 300.0
39.45 39.64 19 15 14 11 12 
40.92 137.38 19 15 10 11 12 
42.99 0.23 19 15 22 21 24 13 12 
46.160000000000004 0.17 19 20 21 24 13 12 
46.599999999999994 121.25 19 15 10 9 5 4 3 12 
47.42999999999999 1.329999999999984 19 15 10 11 4 3 12 

19 13 300.0
39.93 0.23 19 15 22 21 24 13 
42.510000000000005 39.64 19 15 14 11 12 13 
43.1 0.17 19 20 21 24 13 
43.980000000000004 137.38 19 15 10 11 12 13 
49.66 121.25 19 15 10 9 5 4 3 12 13 
50.489999999999995 1.329999999999984 19 15 10 11 4 3 12 13 

19 14 300.0
16.200000000000003 299.14 19 15 14 
29.659999999999997 0.63 19 15 22 23 14 
66.04 0.22999999999999998 19 15 22 21 24 13 12 11 14 

19 15 800.0
4.15 800.0 19 15 

19 16 1300.0
11.510000000000002 737.5 19 17 16 
17.18 562.5 19 20 18 16 

19 17 1700.0
4.53 1700.0 19 17 

19 18 300.0
13.8 299.51 19 20 18 
14.880000000000003 0.23 19 17 16 18 
23.3 0.2599999999999909 19 15 22 20 18 

19 20 1200.0
9.42 1198.02 19 20 
18.92 1.05 19 15 22 20 
22.94 0.9299999999999999 19 15 22 21 20 

19 21 400.0
14.64 399.12 19 15 22 21 
17.810000000000002 0.88 19 20 21 

19 22 1200.0
10.93 1200.0 19 15 22 

19 23 300.0
22.119999999999997 173.11 19 15 22 23 
23.78 126.88999999999999 19 15 14 23 

19 24 100.0
24.75 56.06 19 15 22 21 24 
25.769999999999996 21.519999999999996 19 15 22 23 24 
27.43 22.36 19 15 14 23 24 
27.92 0.05999999999999517 19 20 21 24 

20 1 300.0
41.48 288.82 20 18 7 8 6 2 1 
44.86 9.15 20 21 24 13 12 3 1 
45.809999999999995 0.8600000000000136 20 18 16 8 6 2 1 
49.809999999999995 0.68 20 18 16 8 6 5 4 3 1 
55.36000000000001 0.12 20 19 15 14 11 4 3 1 
57.589999999999996 0.36999999999998623 20 18 16 8 9 5 4 3 1 

20 2 100.0
35.47 97.84 20 18 7 8 6 2 
39.8 1.39 20 18 16 8 6 2 
50.87 0.73 20 21 24 13 12 3 1 2 
61.370000000000005 0.04 20 19 15 14 11 4 3 1 2 

20 4 300.0
36.8 219.69 20 18 7 8 6 5 4 
44.58 73.83999999999997 20 18 7 8 9 5 4 
45.5 1.13 20 21 24 13 12 3 4 
46.68000000000001 0.12 20 19 15 14 11 4 
48.91 3.740000000000009 20 18 16 8 9 5 4 
54.51 1.4699999999999989 20 18 16 8 6 2 1 3 4 

20 5 100.0
34.41 73.72 20 18 7 8 6 5 
42.19 24.120000000000005 20 18 7 8 9 5 
46.519999999999996 1.9599999999999937 20 18 16 8 9 5 
47.88 0.16 20 21 24 13 12 3 4 5 
49.06000000000001 0.04 20 19 15 14 11 4 5 

20 6 300.0
28.07 293.7 20 18 7 8 6 
32.4 6.18 20 18 16 8 6 
55.48000000000001 0.12 20 19 15 14 11 4 5 6 

20 7 500.0
6.46 500.0 20 18 7 

20 8 900.0
13.15 881.09 20 18 7 8 
17.48 18.909999999999968 20 18 16 8 

20 9 600.0
30.78 582.22 20 18 7 8 9 
31.97 5.12 20 18 16 10 9 
33.52 0.24 20 19 15 10 9 
34.67 0.52 20 22 15 10 9 
35.11 11.519999999999982 20 18 16 8 9 
37.82 0.379999999999999 20 18 16 17 10 9 

20 10 2500.0
26.22 1409.96 20 18 16 10 
27.770000000000003 1077.58 20 19 15 10 
28.92 2.19 20 22 15 10 
32.07 4.13 20 18 16 17 10 
36.45 3.12 20 18 7 8 9 10 
40.78 3.0199999999998637 20 18 16 8 9 10 

20 11 600.0
38.239999999999995 288.83 20 18 16 10 11 
38.32000000000001 119.47 20 19 15 14 11 
39.39 8.97999999999999 20 22 23 14 11 
39.790000000000006 179.27 20 19 15 10 11 
40.94 0.5200000000000102 20 22 15 10 11 
44.09 0.99 20 18 16 17 10 11 
47.24 0.46 20 21 24 13 12 11 
48.47 0.7299999999999705 20 18 7 8 9 10 11 
53.04 0.02000000000002955 20 18 7 8 9 5 4 11 
57.37 0.72 20 18 16 8 9 5 4 11 

20 12 500.0
36.74 480.41 20 21 24 13 12 
45.53999999999999 7.22 20 18 7 8 6 5 4 3 12 
49.599999999999994 11.55 20 18 7 8 6 2 1 3 12 
53.31999999999999 0.3099999999999987 20 18 7 8 9 5 4 3 12 
55.42 0.2 20 19 15 14 11 4 3 12 
57.64999999999999 0.31000000000000066 20 18 16 8 9 5 4 3 12 

20 13 600.0
33.68 583.41 20 21 24 13 
48.599999999999994 8.67 20 18 7 8 6 5 4 3 12 13 
52.66 6.9399999999999995 20 18 7 8 6 2 1 3 12 13 
56.379999999999995 0.3600000000000012 20 18 7 8 9 5 4 3 12 13 
58.480000000000004 0.24 20 19 15 14 11 4 3 12 13 
60.709999999999994 0.3799999999999992 20 18 16 8 9 5 4 3 12 13 

20 14 500.0
25.660000000000004 412.98 20 19 15 14 
26.729999999999997 85.21 20 22 23 14 
26.810000000000002 0.8199999999999932 20 22 15 14 
29.669999999999998 0.6 20 21 24 23 14 
59.790000000000006 0.39 20 21 24 13 12 11 14 

20 15 1100.0
13.610000000000001 1088.07 20 19 15 
14.76 11.08 20 22 15 
18.84 0.8499999999999996 20 21 22 15 

20 16 1600.0
7.76 1600.0 20 18 16 

20 17 1700.0
13.990000000000002 10.81 20 19 17 
14.76 1687.88 20 18 16 17 
27.51 1.3099999999999987 20 21 22 15 19 17 

20 18 400.0
4.38 400.0 20 18 

20 19 1200.0
9.46 1198.02 20 19 
18.9 1.05 20 22 15 19 
22.98 0.9299999999999999 20 21 22 15 19 

20 21 1200.0
8.39 1200.0 20 21 

20 22 2400.0
8.0 2396.8 20 22 
12.08 3.2 20 21 22 

20 23 700.0
19.189999999999998 670.84 20 22 23 
22.13 28.62 20 21 24 23 
23.27 0.5399999999999636 20 21 22 23 

20 24 400.0
18.5 399.24 20 21 24 
22.839999999999996 0.76 20 22 23 24 

21 1 100.0
36.47 99.75 21 24 13 12 3 1 
49.779999999999994 0.09 21 20 18 7 8 6 2 1 
61.559999999999995 0.12 21 20 18 7 8 9 5 4 3 1 
63.660000000000004 0.039999999999996594 21 20 19 15 14 11 4 3 1 

21 4 200.0
37.11 198.91 21 24 13 12 3 4 
45.099999999999994 0.76 21 20 18 7 8 6 5 4 
52.879999999999995 0.12 21 20 18 7 8 9 5 4 
54.980000000000004 0.07999999999999996 21 20 19 15 14 11 4 
58.36 4.163336342344337e-17 21 22 20 19 15 14 11 4 
60.58999999999999 0.12999999999999995 21 22 20 18 16 8 9 5 4 

21 5 100.0
39.49 98.8 21 24 13 12 3 4 5 
42.709999999999994 1.02 21 20 18 7 8 6 5 
47.040000000000006 0.010000000000000009 21 20 18 16 8 6 5 
49.589999999999996 0.04 21 24 13 12 11 4 5 
54.81999999999999 0.030000000000000027 21 20 18 16 8 9 5 
58.19999999999999 0.019999999999999962 21 22 20 18 16 8 9 5 
107.78999999999999 0.039999999999998294 21 24 13 12 11 10 16 8 9 5 
118.94 0.030000000000001713 21 22 20 19 15 14 11 10 16 8 9 5 

21 6 100.0
36.37 97.69 21 20 18 7 8 6 
40.7 0.6200000000000045 21 20 18 16 8 6 
44.08 0.019999999999995466 21 22 20 18 16 8 6 
45.910000000000004 0.54 21 24 13 12 3 4 5 6 
49.83 1.01 21 24 13 12 3 1 2 6 
56.01 0.039999999999999925 21 24 13 12 11 4 5 6 
93.67 0.039999999999999925 21 24 13 12 11 10 16 8 6 
104.82000000000001 0.030000000000000027 21 22 20 19 15 14 11 10 16 8 6 

21 7 200.0
14.76 199.87 21 20 18 7 
18.14 0.12999999999999545 21 22 20 18 7 

21 8 400.0
21.45 391.6 21 20 18 7 8 
25.78 7.839999999999975 21 20 18 16 8 
29.159999999999997 0.25 21 22 20 18 16 8 
78.75 0.31 21 24 13 12 11 10 16 8 

21 9 300.0
30.36 101.42 21 22 15 10 9 
39.08 194.0 21 20 18 7 8 9 
40.269999999999996 0.85 21 20 18 16 10 9 
41.82000000000001 0.12 21 20 19 15 10 9 
43.41 3.3799999999999897 21 20 18 16 8 9 
56.55 0.23 21 24 13 12 11 10 9 

21 10 1200.0
24.61 1195.19 21 22 15 10 
34.519999999999996 3.41 21 20 18 16 10 
36.07000000000001 0.4700000000000273 21 20 19 15 10 
50.8 0.93 21 24 13 12 11 10 

21 11 400.0
33.94 301.44 21 24 23 14 11 
35.08 16.35 21 22 23 14 11 
35.16 7.31 21 22 15 14 11 
36.629999999999995 72.19 21 22 15 10 11 
38.849999999999994 1.42 21 24 13 12 11 
45.57 0.40000000000000013 21 24 13 12 3 4 11 
46.53999999999999 0.23 21 20 18 16 10 11 
48.09 0.14999999999999544 21 20 19 15 10 11 
61.339999999999996 0.49 21 20 18 7 8 9 5 4 11 

21 12 300.0
28.349999999999998 299.24 21 24 13 12 
57.89999999999999 0.26 21 20 18 7 8 6 2 1 3 12 
61.61999999999999 0.37 21 20 18 7 8 9 5 4 3 12 
63.72 0.12 21 20 19 15 14 11 4 3 12 

21 13 600.0
25.29 599.24 21 24 13 
60.959999999999994 0.53 21 20 18 7 8 6 2 1 3 12 13 
66.78 0.22999999999999998 21 20 19 15 14 11 4 3 12 13 

21 14 400.0
21.279999999999998 364.89 21 24 23 14 
22.419999999999998 27.49000000000001 21 22 23 14 
22.5 7.15 21 22 15 14 
33.96000000000001 0.15999999999999925 21 20 19 15 14 
51.39999999999999 0.31 21 24 13 12 11 14 

21 15 800.0
10.45 799.23 21 22 15 
21.910000000000004 0.77 21 20 19 15 

21 16 600.0
16.06 599.16 21 20 18 16 
19.439999999999998 0.37999999999999545 21 22 20 18 16 
69.03 0.46 21 24 13 12 11 10 16 

21 17 600.0
19.12 72.95 21 22 15 19 17 
22.290000000000003 2.9099999999999966 21 20 19 17 
23.06 524.14 21 20 18 16 17 

21 18 100.0
12.68 99.94 21 20 18 
16.06 0.06 21 22 20 18 

21 19 400.0
14.59 397.56 21 22 15 19 
17.76 2.44 21 20 19 

21 20 1200.0
8.3 1199.24 21 20 
11.68 0.76 21 22 20 

21 22 1800.0
3.69 1799.29 21 22 
16.3 0.71 21 20 22 

21 23 700.0
13.739999999999998 649.47 21 24 23 
14.879999999999999 50.25 21 22 23 
27.490000000000002 0.28 21 20 22 23 

21 24 500.0
10.11 499.8 21 24 
31.14 0.2 21 20 22 23 24 

22 1 400.0
40.18000000000001 268.79 22 21 24 13 12 3 1 
41.2 126.72 22 23 24 13 12 3 1 
48.43 0.1599999999999966 22 23 14 11 4 3 1 
49.15 0.35 22 15 10 9 5 4 3 1 
49.47 2.91 22 20 18 7 8 6 2 1 
53.470000000000006 0.56 22 20 18 7 8 6 5 4 3 1 
61.24999999999999 0.25 22 20 18 7 8 9 5 4 3 1 
65.57999999999998 0.25 22 20 18 16 8 9 5 4 3 1 

22 2 100.0
43.46 1.68 22 20 18 7 8 6 2 
46.190000000000005 66.44 22 21 24 13 12 3 1 2 
47.21 31.68 22 23 24 13 12 3 1 2 
47.79 0.06 22 20 18 16 8 6 2 
51.9 0.09 22 15 10 9 5 6 2 
54.44 0.03999999999999915 22 23 14 11 4 3 1 2 

22 3 100.0
36.150000000000006 67.2 22 21 24 13 12 3 
37.17 32.25999999999999 22 23 24 13 12 3 
44.4 0.04 22 23 14 11 4 3 
45.12 0.09 22 15 10 9 5 4 3 
49.440000000000005 0.29 22 20 18 7 8 6 5 4 3 
57.21999999999999 0.06 22 20 18 7 8 9 5 4 3 
61.54999999999999 0.06 22 20 18 16 8 9 5 4 3 

22 4 400.0
39.75 2.85 22 23 14 11 4 
40.47 15.15 22 15 10 9 5 4 
40.82000000000001 262.07 22 21 24 13 12 3 4 
41.3 3.61 22 15 10 11 4 
41.84 109.32999999999998 22 23 24 13 12 3 4 
44.790000000000006 6.49 22 20 18 7 8 6 5 4 
52.56999999999999 0.25 22 20 18 7 8 9 5 4 
56.89999999999999 0.2400000000000002 22 20 18 16 8 9 5 4 

22 5 200.0
38.08 174.74 22 15 10 9 5 
42.13 1.42 22 23 14 11 4 5 
42.400000000000006 5.01 22 20 18 7 8 6 5 
43.20000000000001 18.549999999999997 22 21 24 13 12 3 4 5 
46.730000000000004 0.03000000000000025 22 20 18 16 8 6 5 
54.50999999999999 0.08999999999999986 22 20 18 16 8 9 5 
111.5 0.15 22 21 24 13 12 11 10 16 8 9 5 

22 6 200.0
36.06 195.51 22 20 18 7 8 6 
40.39 2.77 22 20 18 16 8 6 
44.5 0.18 22 15 10 9 5 6 
48.550000000000004 0.07 22 23 14 11 4 5 6 
53.540000000000006 1.31 22 21 24 13 12 3 1 2 6 
86.21000000000001 0.009999999999999995 22 23 14 11 10 16 8 6 
97.38000000000001 0.14 22 21 24 13 12 11 10 16 8 6 

22 7 500.0
14.450000000000001 499.33 22 20 18 7 
18.47 0.67 22 21 20 18 7 

22 8 500.0
21.14 489.5 22 20 18 7 8 
25.47 9.829999999999984 22 20 18 16 8 
29.490000000000002 0.28 22 21 20 18 16 8 
82.46000000000001 0.39 22 21 24 13 12 11 10 16 8 

22 9 700.0
26.67 698.19 22 15 10 9 
38.769999999999996 0.87 22 20 18 7 8 9 
43.980000000000004 0.39 22 21 20 18 16 10 9 
60.260000000000005 0.54 22 21 24 13 12 11 10 9 

22 10 2600.0
20.92 2596.53 22 15 10 
38.230000000000004 1.47 22 21 20 18 16 10 
54.510000000000005 2.0 22 21 24 13 12 11 10 

22 11 1100.0
31.39 330.87 22 23 14 11 
31.470000000000002 167.15999999999997 22 15 14 11 
32.94 600.5 22 15 10 11 
42.56 0.85 22 21 24 13 12 11 
50.25 0.62 22 21 20 18 16 10 11 

22 12 700.0
32.06 470.39 22 21 24 13 12 
33.08 225.81 22 23 24 13 12 
41.980000000000004 0.28 22 23 14 11 12 
42.06 1.32 22 15 14 11 12 
48.56999999999999 0.27 22 15 14 11 4 3 12 
49.209999999999994 0.61 22 15 10 9 5 4 3 12 
53.53 0.44 22 20 18 7 8 6 5 4 3 12 
61.30999999999999 0.43 22 20 18 7 8 9 5 4 3 12 
65.63999999999999 0.44 22 20 18 16 8 9 5 4 3 12 

22 13 1300.0
29.0 873.58 22 21 24 13 
30.02 422.32 22 23 24 13 
51.55 0.51 22 23 14 11 4 3 12 13 
52.269999999999996 1.14 22 15 10 9 5 4 3 12 13 
56.59 0.82 22 20 18 7 8 6 5 4 3 12 13 
64.36999999999999 0.8000000000000002 22 20 18 7 8 9 5 4 3 12 13 
68.69999999999999 0.8199999999999997 22 20 18 16 8 9 5 4 3 12 13 

22 14 1200.0
18.73 767.38 22 23 14 
18.810000000000002 431.02 22 15 14 
24.99 0.67999999999995 22 21 24 23 14 
55.11 0.9200000000000501 22 21 24 13 12 11 14 

22 15 2600.0
6.76 2600.0 22 15 

22 16 1200.0
15.75 1198.4 22 20 18 16 
19.77 0.6699999999998454 22 21 20 18 16 
72.74000000000001 0.93 22 21 24 13 12 11 10 16 

22 17 1700.0
15.43 1695.47 22 15 19 17 
22.75 3.85 22 20 18 16 17 
38.230000000000004 0.67 22 15 10 17 

22 18 300.0
12.370000000000001 299.6 22 20 18 
16.39 0.39999999999997726 22 21 20 18 

22 19 1200.0
10.899999999999999 1200.0 22 15 19 

22 20 2400.0
7.99 2396.8 22 20 
12.010000000000002 3.2 22 21 20 

22 21 1800.0
3.71 1799.29 22 21 
16.380000000000003 0.71 22 20 21 

22 23 2100.0
11.19 2092.07 22 23 
17.45 7.93 22 21 24 23 

22 24 1100.0
13.82 739.18 22 21 24 
14.84 360.82 22 23 24 

23 1 300.0
30.009999999999998 299.62 23 24 13 12 3 1 
37.24 0.12 23 14 11 4 3 1 
69.07 0.26 23 22 15 10 9 5 6 2 1 

23 3 100.0
25.979999999999997 99.87 23 24 13 12 3 
33.21 0.04 23 14 11 4 3 
56.279999999999994 0.09 23 22 15 10 9 5 4 3 

23 4 500.0
28.56 5.28 23 14 11 4 
30.65 494.28 23 24 13 12 3 4 
51.629999999999995 0.44 23 22 15 10 9 5 4 

23 5 100.0
30.939999999999998 1.06 23 14 11 4 5 
33.03 98.78 23 24 13 12 3 4 5 
49.239999999999995 0.09 23 22 15 10 9 5 
93.55000000000001 0.0799999999999983 23 24 13 12 11 10 16 8 6 5 

23 6 100.0
37.36 0.93 23 14 11 4 5 6 
39.45 32.25 23 24 13 12 3 4 5 6 
43.37 66.65 23 24 13 12 3 1 2 6 
55.66 0.09 23 22 15 10 9 5 6 
87.21000000000001 0.0799999999999983 23 24 13 12 11 10 16 8 6 

23 7 200.0
25.61 187.96 23 22 20 18 7 
28.29 12.039999999999992 23 24 21 20 18 7 

23 8 300.0
32.3 281.82 23 22 20 18 7 8 
34.98 11.879999999999995 23 24 21 20 18 7 8 
39.31 5.949999999999989 23 24 21 20 18 16 8 
52.379999999999995 0.12 23 14 11 4 5 6 8 
72.29 0.23 23 24 13 12 11 10 16 8 

23 9 500.0
37.83 244.64 23 22 15 10 9 
37.9 75.0 23 14 11 10 9 
39.34 137.07 23 14 15 10 9 
44.230000000000004 42.0 23 24 13 12 3 4 5 9 
49.92999999999999 0.62 23 22 20 18 7 8 9 
50.09 0.39 23 24 13 12 11 10 9 
53.8 0.270000000000025 23 24 21 20 18 16 10 9 

23 10 1800.0
32.08 925.48 23 22 15 10 
32.15 299.32 23 14 11 10 
33.59 572.79 23 14 15 10 
44.34 1.3899999999999864 23 24 13 12 11 10 
48.05 1.01 23 24 21 20 18 16 10 

23 11 1300.0
20.2 1296.29 23 14 11 
32.39 2.57 23 24 13 12 11 
44.099999999999994 1.14 23 22 15 10 11 

23 12 700.0
21.889999999999997 699.11 23 24 13 12 
37.3 0.28 23 14 11 4 3 12 
60.36999999999999 0.61 23 22 15 10 9 5 4 3 12 

23 13 800.0
18.83 798.98 23 24 13 
40.36 0.32 23 14 11 4 3 12 13 
63.42999999999999 0.7 23 22 15 10 9 5 4 3 12 13 

23 14 1100.0
7.54 1099.15 23 14 
44.94 0.85 23 24 13 12 11 14 

23 15 1000.0
17.92 589.15 23 22 15 
19.43 410.85 23 14 15 

23 16 500.0
26.909999999999997 469.9 23 22 20 18 16 
29.59 29.710000000000036 23 24 21 20 18 16 
62.57000000000001 0.38999999999996504 23 24 13 12 11 10 16 

23 17 600.0
26.590000000000003 353.49 23 22 15 19 17 
28.1 245.31999999999994 23 14 15 19 17 
35.82 0.34 23 24 21 20 19 17 
36.59 0.6099999999999999 23 24 21 20 18 16 17 
50.900000000000006 0.24 23 14 15 10 17 

23 18 100.0
23.529999999999998 93.98 23 22 20 18 
26.21 6.019999999999996 23 24 21 20 18 

23 19 300.0
22.060000000000002 176.74 23 22 15 19 
23.57 123.08999999999997 23 14 15 19 
31.290000000000003 0.17 23 24 21 20 19 

23 20 700.0
19.15 657.86 23 22 20 
21.830000000000002 42.14 23 24 21 20 

23 21 700.0
13.530000000000001 668.04 23 24 21 
14.870000000000001 31.68 23 22 21 
27.54 0.28 23 22 20 21 

23 22 2100.0
11.16 2086.57 23 22 
17.220000000000002 13.43 23 24 21 22 

23 24 700.0
3.65 700.0 23 24 

24 1 100.0
26.36 99.87 24 13 12 3 1 
40.87 0.03999999999999204 24 23 14 11 4 3 1 
72.7 0.09 24 23 22 15 10 9 5 6 2 1 

24 4 200.0
27.0 199.75 24 13 12 3 4 
32.19 0.08 24 23 14 11 4 
55.25999999999999 0.16999999999999998 24 23 22 15 10 9 5 4 

24 6 100.0
35.8 32.93 24 13 12 3 4 5 6 
39.72 66.87 24 13 12 3 1 2 6 
40.99 0.03999999999999915 24 23 14 11 4 5 6 
59.28999999999999 0.0799999999999983 24 23 22 15 10 9 5 6 
78.58 0.010000000000001702 24 23 22 15 10 16 8 6 
78.65 8.534839501805891e-16 24 23 14 11 10 16 8 6 
83.56 0.06999999999999318 24 13 12 11 10 16 8 6 

24 7 100.0
24.64 99.44 24 21 20 18 7 
29.240000000000002 0.56 24 23 22 20 18 7 

24 8 200.0
31.330000000000002 195.8 24 21 20 18 7 8 
35.66 2.9199999999999875 24 21 20 18 16 8 
40.26 1.04 24 23 22 20 18 16 8 
56.010000000000005 0.08 24 23 14 11 4 5 6 8 
68.64 0.15 24 13 12 11 10 16 8 

24 9 200.0
40.58 198.35 24 13 12 3 4 5 9 
41.459999999999994 0.18 24 23 22 15 10 9 
41.53 0.3 24 23 14 11 10 9 
42.97 0.2 24 23 14 15 10 9 
46.44 0.15 24 13 12 11 10 9 
50.15 0.57 24 21 20 18 16 10 9 
53.28999999999999 0.24 24 21 20 18 16 8 9 

24 10 800.0
34.489999999999995 443.61 24 21 22 15 10 
35.709999999999994 196.92999999999995 24 23 22 15 10 
35.78 50.58 24 23 14 11 10 
37.22 105.98000000000002 24 23 14 15 10 
40.69 0.62 24 13 12 11 10 
44.4 2.269999999999982 24 21 20 18 16 10 

24 11 600.0
23.83 589.93 24 23 14 11 
28.74 8.94 24 13 12 11 
35.46 0.61 24 13 12 3 4 11 
47.72999999999999 0.5200000000000955 24 23 22 15 10 11 

24 12 500.0
18.24 499.36 24 13 12 
40.92999999999999 0.2 24 23 14 11 4 3 12 
63.999999999999986 0.44 24 23 22 15 10 9 5 4 3 12 

24 13 700.0
15.18 699.11 24 13 
43.989999999999995 0.28 24 23 14 11 4 3 12 13 
67.05999999999999 0.61 24 23 22 15 10 9 5 4 3 12 13 

24 14 400.0
11.17 399.69 24 23 14 
41.29 0.31 24 13 12 11 14 

24 15 400.0
20.33 225.75 24 21 22 15 
21.549999999999997 105.82 24 23 22 15 
23.060000000000002 68.2 24 23 14 15 
31.79 0.22999999999998977 24 21 20 19 15 

24 16 300.0
25.939999999999998 298.09 24 21 20 18 16 
30.54 1.68 24 23 22 20 18 16 
58.92 0.23 24 13 12 11 10 16 

24 17 300.0
29.0 18.26 24 21 22 15 19 17 
30.22 60.739999999999995 24 23 22 15 19 17 
31.730000000000004 20.069999999999993 24 23 14 15 19 17 
32.17 1.34 24 21 20 19 17 
32.94 199.46 24 21 20 18 16 17 
54.53 0.12 24 23 14 15 10 17 

24 19 100.0
24.47 56.44 24 21 22 15 19 
25.689999999999998 26.450000000000003 24 23 22 15 19 
27.200000000000003 16.659999999999997 24 23 14 15 19 
27.64 0.44000000000000483 24 21 20 19 

24 20 400.0
18.18 397.76 24 21 20 
22.78 2.24 24 23 22 20 

24 21 500.0
9.88 498.27 24 21 
18.5 1.53 24 23 22 21 
31.17 0.19999999999999996 24 23 22 20 21 

24 22 1100.0
13.57 728.68 24 21 22 
14.79 371.32 24 23 22 

24 23 700.0
3.63 700.0 24 23 

