origin destination total_flow
time flow nodes_in_path
1 2 100.0
6.0 100.0 1 2 

1 3 100.0
4.01 100.0 1 3 

1 4 500.0
8.28 500.0 1 3 4 

1 5 200.0
10.6 200.0 1 3 4 5 

1 6 300.0
12.57 300.0 1 2 6 

1 7 500.0
32.76 500.0 1 2 6 8 7 

1 8 800.0
27.260100375 799.99 1 2 6 8 
27.260100375 0.01 1 3 4 5 9 8 

1 9 500.0
20.25 500.0 1 3 4 5 9 

1 10 1300.0
25.93048738461539 1299.85 1 3 4 5 9 10 
25.93048738461539 0.09 1 3 4 11 10 
25.93048738461539 0.06 1 3 12 11 10 

1 11 500.0
15.410381600000001 499.97 1 3 4 11 
15.410381600000001 0.029999999999972715 1 3 12 11 

1 12 200.0
8.03 200.0 1 3 12 

1 13 500.0
11.049999999999999 500.0 1 3 12 13 

1 14 300.0
29.110424000000002 299.98 1 3 4 11 14 
29.110424000000002 0.01999999999998181 1 3 12 11 14 

1 15 500.0
39.65078880000001 499.88 1 3 4 5 9 10 15 
39.65078880000001 0.01999999999998181 1 3 4 11 10 15 
39.65078880000001 0.07000000000001819 1 3 4 11 14 15 
39.65078880000001 0.02999999999998182 1 3 12 11 14 15 
39.65078880000001 0.0 1 3 12 13 24 21 22 15 

1 16 500.0
37.989999999999995 469.94 1 2 6 8 16 
37.989999999999995 30.06 1 2 6 8 7 18 16 

1 17 400.0
42.241377 399.88 1 3 4 5 9 10 17 
42.241377 0.03 1 3 4 11 10 17 
42.241377 0.08 1 2 6 8 16 17 
42.241377 0.010000000000020465 1 3 12 11 10 17 

1 18 100.0
34.82 100.0 1 2 6 8 7 18 
34.82 0.0 1 3 4 5 9 8 16 18 

1 19 300.0
43.980916333333326 299.93 1 3 4 5 9 10 15 19 
43.980916333333326 0.009999999999990905 1 3 4 11 10 15 19 
43.980916333333326 0.0400000000000091 1 3 4 11 14 15 19 
43.980916333333326 0.009999999999990905 1 3 12 11 14 15 19 
43.980916333333326 0.01 1 2 6 8 16 17 19 
43.980916333333326 0.0 1 3 12 13 24 21 22 15 19 

1 20 300.0
39.08 299.99 1 2 6 8 7 18 20 
39.08 0.0 1 2 6 8 16 18 20 
39.08 0.0 1 3 4 5 9 10 15 19 20 

1 21 100.0
40.46 100.0 1 3 12 13 24 21 

1 22 400.0
44.670303000000004 136.27 1 3 12 13 24 23 22 
44.670303000000004 263.72 1 3 12 13 24 21 22 
44.670303000000004 0.0 1 3 4 5 9 10 15 22 
44.670303000000004 0.009999999999990905 1 3 12 11 14 23 22 

1 23 300.0
32.430403999999996 299.99 1 3 12 13 24 23 
32.430403999999996 0.009999999999990905 1 3 12 11 14 23 

1 24 100.0
28.71 100.0 1 3 12 13 24 

2 1 100.0
6.0 100.0 2 1 

2 3 100.0
10.01 100.0 2 1 3 

2 4 200.0
14.28 200.0 2 1 3 4 
14.28 0.0 2 6 5 4 

2 5 100.0
16.591669000000003 83.31 2 6 5 
16.591669000000003 16.69 2 1 3 4 5 

2 6 400.0
6.57 400.0 2 6 

2 7 200.0
26.759999999999998 200.0 2 6 8 7 

2 8 400.0
21.26 400.0 2 6 8 
21.26 0.0 2 1 3 4 5 9 8 

2 9 200.0
26.241669 166.62 2 6 5 9 
26.241669 33.379999999999995 2 1 3 4 5 9 

2 10 600.0
31.922521833333345 499.83 2 6 5 9 10 
31.922521833333345 100.08999999999997 2 1 3 4 5 9 10 
31.922521833333345 0.04 2 1 3 4 11 10 
31.922521833333345 0.03 2 1 3 12 11 10 
31.922521833333345 0.009999999999990905 2 6 8 16 10 

2 11 200.0
21.410317999999997 199.99 2 1 3 4 11 
21.410317999999997 0.009999999999990905 2 1 3 12 11 

2 12 100.0
14.03 100.0 2 1 3 12 

2 13 300.0
17.05 300.0 2 1 3 12 13 

2 14 100.0
35.11 99.99 2 1 3 4 11 14 
35.11 0.0 2 1 3 12 11 14 
35.11 0.0 2 1 3 12 13 24 23 14 

2 15 100.0
45.642525 83.27 2 6 5 9 10 15 
45.642525 16.67 2 1 3 4 5 9 10 15 
45.642525 0.04 2 6 8 7 18 20 19 15 
45.642525 0.019999999999999574 2 1 3 4 11 14 15 

2 16 400.0
31.99 24.05 2 6 8 7 18 16 
31.99 375.95 2 6 8 16 

2 17 200.0
41.49073949999999 12.02 2 6 8 7 18 16 17 
41.49073949999999 187.97 2 6 8 16 17 
41.49073949999999 0.0 2 1 3 4 5 9 10 17 
41.49073949999999 0.01 2 1 3 12 11 10 17 

2 19 100.0
42.590738 99.99 2 6 8 7 18 20 19 
42.590738 0.01 2 6 5 9 10 15 19 

2 20 100.0
33.08 100.0 2 6 8 7 18 20 
33.08 0.0 2 1 3 4 5 9 10 15 19 20 

2 22 100.0
40.790988 99.99 2 6 8 7 18 20 22 
40.790988 0.0 2 1 3 12 13 24 23 22 
40.790988 0.01 2 1 3 12 13 24 21 22 

3 1 100.0
4.01 100.0 3 1 

3 2 100.0
10.01 100.0 3 1 2 

3 4 200.0
4.27 200.0 3 4 

3 5 100.0
6.59 100.0 3 4 5 

3 6 300.0
16.587078666666667 87.64 3 1 2 6 
16.587078666666667 212.36 3 4 5 6 

3 7 100.0
36.778286 17.14 3 1 2 6 8 7 
36.778286 19.42 3 4 5 9 8 7 
36.778286 63.44 3 4 5 6 8 7 

3 8 200.0
31.27828591429571 34.28 3 1 2 6 8 
31.27828591429571 38.83 3 4 5 9 8 
31.27828591429571 126.88 3 4 5 6 8 

3 9 100.0
16.240000000000002 100.0 3 4 5 9 

3 10 300.0
21.920380000000005 299.97 3 4 5 9 10 
21.920380000000005 0.01999999999998181 3 4 11 10 
21.920380000000005 0.01 3 12 11 10 

3 11 300.0
11.400424 299.98 3 4 11 
11.400424 0.02 3 12 11 

3 12 200.0
4.02 200.0 3 12 

3 13 100.0
7.039999999999999 100.0 3 12 13 

3 14 100.0
25.100635999999998 99.99 3 4 11 14 
25.100635999999998 0.01 3 12 11 14 

3 15 100.0
35.640975999999995 99.98 3 4 5 9 10 15 
35.640975999999995 0.009999999999990905 3 4 11 14 15 
35.640975999999995 0.01 3 12 11 14 15 

3 16 200.0
42.00762438121907 18.42 3 4 5 9 10 16 
42.00762438121907 29.09 3 1 2 6 8 16 
42.00762438121907 28.07 3 4 5 9 8 16 
42.00762438121907 115.91 3 4 5 6 8 16 
42.00762438121907 8.5 3 4 5 6 8 7 18 16 
42.00762438121907 0.0 3 12 11 10 16 

3 17 100.0
38.230168000000006 99.99 3 4 5 9 10 17 
38.230168000000006 0.01 3 4 11 10 17 

3 22 100.0
40.660000000000004 34.07 3 12 13 24 23 22 
40.660000000000004 65.93 3 12 13 24 21 22 
40.660000000000004 0.0 3 4 5 9 10 15 22 

3 23 100.0
28.419999999999998 100.0 3 12 13 24 23 

4 1 500.0
8.28 500.0 4 3 1 

4 2 200.0
14.28 200.0 4 3 1 2 
14.28 0.0 4 5 6 2 

4 3 200.0
4.27 200.0 4 3 

4 5 500.0
2.32 500.0 4 5 

4 6 400.0
12.32 400.0 4 5 6 

4 7 400.0
32.51 94.31 4 5 9 8 7 
32.51 305.69 4 5 6 8 7 

4 8 700.0
27.01 165.05 4 5 9 8 
27.01 534.95 4 5 6 8 

4 9 700.0
11.97 700.0 4 5 9 

4 10 1200.0
17.65014 1199.9 4 5 9 10 
17.65014 0.1 4 11 10 

4 11 1400.0
7.1301064285714295 1399.99 4 11 
7.1301064285714295 0.01 4 3 12 11 

4 12 600.0
8.29 600.0 4 3 12 

4 13 600.0
11.309999999999999 600.0 4 3 12 13 

4 14 500.0
20.83 499.99 4 11 14 
20.83 0.0 4 3 12 11 14 
20.83 0.0 4 3 12 13 24 23 14 

4 15 500.0
31.3703736 499.89 4 5 9 10 15 
31.3703736 0.009999999999990905 4 11 10 15 
31.3703736 0.1 4 11 14 15 

4 16 800.0
37.73902237499999 79.88 4 5 9 10 16 
37.73902237499999 133.85 4 5 9 8 16 
37.73902237499999 553.3 4 5 6 8 16 
37.73902237499999 32.96 4 5 6 8 7 18 16 
37.73902237499999 0.01 4 11 10 16 

4 17 500.0
33.960399999999986 499.95 4 5 9 10 17 
33.960399999999986 0.04 4 11 10 17 
33.960399999999986 0.009999999999990905 4 5 6 8 16 17 

4 18 100.0
34.57 23.58 4 5 9 8 7 18 
34.57 76.42 4 5 6 8 7 18 

4 19 200.0
35.70034 199.96 4 5 9 10 15 19 
35.70034 0.03999999999999204 4 11 14 15 19 

4 20 300.0
38.83 70.73 4 5 9 8 7 18 20 
38.83 229.26 4 5 6 8 7 18 20 
38.83 0.0 4 5 6 8 16 18 20 

4 21 200.0
40.720563 199.98 4 3 12 13 24 21 
40.720563 0.02 4 11 14 23 22 21 
40.720563 0.0 4 5 9 10 15 19 20 21 

4 22 400.0
40.46127874999999 399.78 4 5 9 10 15 22 
40.46127874999999 0.1 4 11 14 23 22 
40.46127874999999 0.07 4 11 14 15 22 
40.46127874999999 0.05 4 3 12 13 24 21 22 

4 23 500.0
29.91139 499.75 4 11 14 23 
29.91139 0.25 4 3 12 13 24 23 

4 24 200.0
28.97 200.0 4 3 12 13 24 
28.97 0.0 4 11 14 23 24 

5 1 200.0
10.6 200.0 5 4 3 1 

5 2 100.0
16.6 83.98 5 6 2 
16.6 16.02 5 4 3 1 2 

5 3 100.0
6.59 100.0 5 4 3 

5 4 500.0
2.32 500.0 5 4 

5 6 200.0
10.0 200.0 5 6 

5 7 200.0
30.19 47.16 5 9 8 7 
30.19 152.84 5 6 8 7 

5 8 500.0
24.69 117.89 5 9 8 
24.69 382.11 5 6 8 

5 9 800.0
9.65 800.0 5 9 

5 10 1000.0
15.33 1000.0 5 9 10 

5 11 500.0
9.45 500.0 5 4 11 

5 12 200.0
10.61 200.0 5 4 3 12 

5 13 200.0
13.629999999999999 200.0 5 4 3 12 13 

5 14 100.0
23.15 100.0 5 4 11 14 
23.15 0.0 5 9 10 15 14 

5 15 200.0
29.05 200.0 5 9 10 15 

5 16 500.0
35.419001400000006 49.93 5 9 10 16 
35.419001400000006 83.66 5 9 8 16 
35.419001400000006 345.82000000000005 5 6 8 16 
35.419001400000006 20.589999999999975 5 6 8 7 18 16 

5 17 200.0
31.64 200.0 5 9 10 17 
31.64 0.0 5 6 8 16 17 

5 19 100.0
33.38 100.0 5 9 10 15 19 
33.38 0.0 5 6 8 16 17 19 

5 20 100.0
36.51 23.58 5 9 8 7 18 20 
36.51 76.42 5 6 8 7 18 20 

5 21 100.0
42.344063000000006 99.5 5 9 10 15 22 21 
42.344063000000006 0.49 5 4 3 12 13 24 21 
42.344063000000006 0.0 5 6 8 7 18 20 21 
42.344063000000006 0.01 5 4 11 14 23 22 21 

5 22 200.0
38.140316515825795 199.98 5 9 10 15 22 
38.140316515825795 0.01 5 4 11 14 23 22 
38.140316515825795 0.0 5 6 8 7 18 20 21 22 

5 23 100.0
32.23139 99.95 5 4 11 14 23 
32.23139 0.04999999999999716 5 4 3 12 13 24 23 

6 1 300.0
12.6 300.0 6 2 1 

6 2 400.0
6.6 400.0 6 2 

6 3 300.0
16.61 212.16 6 5 4 3 
16.61 87.84 6 2 1 3 

6 4 400.0
12.34 400.0 6 5 4 

6 5 200.0
10.02 200.0 6 5 

6 7 400.0
20.189999999999998 400.0 6 8 7 

6 8 800.0
14.690250250000002 799.99 6 8 
14.690250250000002 0.01 6 5 9 8 

6 9 400.0
19.67 400.0 6 5 9 

6 10 800.0
25.350253875000003 799.99 6 5 9 10 
25.350253875000003 0.01 6 8 16 10 

6 11 400.0
19.47 400.0 6 5 4 11 
19.47 0.0 6 2 1 3 12 11 

6 12 200.0
20.63 141.44 6 5 4 3 12 
20.63 58.56 6 2 1 3 12 

6 13 200.0
23.65 141.44 6 5 4 3 12 13 
23.65 58.56 6 2 1 3 12 13 

6 14 100.0
33.17 100.0 6 5 4 11 14 
33.17 0.0 6 2 1 3 12 13 24 23 14 
33.17 0.0 6 8 7 18 20 21 22 15 14 

6 15 200.0
39.070645 199.9 6 5 9 10 15 
39.070645 0.1 6 8 7 18 20 19 15 

6 16 900.0
25.420222444444445 54.11 6 8 7 18 16 
25.420222444444445 845.88 6 8 16 
25.420222444444445 0.009999999999990905 6 5 9 8 16 

6 17 500.0
34.92013480000001 30.05 6 8 7 18 16 17 
34.92013480000001 469.94 6 8 16 17 
34.92013480000001 0.01 6 5 9 10 17 

6 18 100.0
22.249999999999996 100.0 6 8 7 18 
22.249999999999996 0.0 6 5 9 8 16 18 

6 19 200.0
36.020686 199.98 6 8 7 18 20 19 
36.020686 0.01 6 8 16 17 19 
36.020686 0.01 6 5 9 10 15 19 

6 20 300.0
26.509999999999998 299.99 6 8 7 18 20 
26.509999999999998 0.0 6 8 16 18 20 
26.509999999999998 0.0 6 5 9 10 15 19 20 

6 21 100.0
34.68 100.0 6 8 7 18 20 21 
34.68 0.0 6 5 4 3 12 13 24 21 

6 22 200.0
34.22 199.99 6 8 7 18 20 22 
34.22 0.0 6 5 9 10 15 22 
34.22 0.0 6 5 4 11 14 23 22 

6 23 100.0
42.25139 99.95 6 5 4 11 14 23 
42.25139 0.03 6 5 4 3 12 13 24 23 
42.25139 0.02 6 2 1 3 12 13 24 23 
42.25139 0.0 6 8 7 18 20 21 24 23 

6 24 100.0
41.31 70.72 6 5 4 3 12 13 24 
41.31 29.28 6 2 1 3 12 13 24 
41.31 0.0 6 8 7 18 20 21 24 

7 1 500.0
32.97 500.0 7 8 6 2 1 

7 2 200.0
26.97 200.0 7 8 6 2 

7 3 100.0
36.981915 17.43 7 8 6 2 1 3 
36.981915 63.419999999999995 7 8 6 5 4 3 
36.981915 19.15 7 8 9 5 4 3 

7 4 400.0
32.712362 305.52 7 8 6 5 4 
32.712362 94.48 7 8 9 5 4 

7 5 200.0
30.392362000000002 152.76 7 8 6 5 
30.392362000000002 47.24 7 8 9 5 

7 6 400.0
20.37 400.0 7 8 6 

7 8 1000.0
5.55 1000.0 7 8 

7 9 600.0
20.73049616666667 599.98 7 8 9 
20.73049616666667 0.01 7 18 16 10 9 
20.73049616666667 0.009999999999990905 7 8 6 5 9 

7 10 1900.0
25.47034294736842 1899.53 7 18 16 10 
25.47034294736842 0.45 7 8 9 10 
25.47034294736842 0.01999999999998181 7 18 20 22 15 10 

7 11 500.0
37.880266400000004 499.88 7 18 16 10 11 
37.880266400000004 0.1 7 8 9 10 11 
37.880266400000004 0.01999999999999999 7 8 6 5 4 11 

7 12 700.0
41.001915 122.0 7 8 6 2 1 3 12 
41.001915 443.95 7 8 6 5 4 3 12 
41.001915 134.05 7 8 9 5 4 3 12 

7 13 400.0
44.028242000000006 1.55 7 8 6 2 1 3 12 13 
44.028242000000006 68.77 7 8 6 5 4 3 12 13 
44.028242000000006 6.96 7 8 9 5 4 3 12 13 
44.028242000000006 322.72 7 18 20 21 24 13 

7 14 200.0
32.541314 199.91 7 18 20 19 15 14 
32.541314 0.009999999999990905 7 18 20 22 15 14 
32.541314 0.08 7 18 20 22 23 14 

7 15 500.0
20.170302000000003 499.96 7 18 20 19 15 
20.170302000000003 0.03 7 18 20 22 15 
20.170302000000003 0.01 7 18 16 17 19 15 

7 16 1400.0
5.23 1400.0 7 18 16 

7 17 1000.0
14.730279900000001 999.99 7 18 16 17 
14.730279900000001 0.01 7 8 9 10 17 

7 18 200.0
2.06 200.0 7 18 

7 19 400.0
15.830158503962599 399.98 7 18 20 19 
15.830158503962599 0.01 7 18 16 17 19 
15.830158503962599 0.0 7 18 20 22 15 19 
15.830158503962599 0.0 7 18 20 21 22 15 19 

7 20 500.0
6.32 500.0 7 18 20 

7 21 200.0
14.49 200.0 7 18 20 21 

7 22 500.0
14.030000000000001 500.0 7 18 20 22 

7 23 200.0
26.400373 199.98 7 18 20 22 23 
26.400373 0.02 7 18 20 21 24 23 

7 24 100.0
26.41 100.0 7 18 20 21 24 

8 1 800.0
27.420100375 799.99 8 6 2 1 
27.420100375 0.01 8 9 5 4 3 1 

8 2 400.0
21.42 400.0 8 6 2 
21.42 0.0 8 9 5 4 3 1 2 

8 3 200.0
31.431915000000004 126.84 8 6 5 4 3 
31.431915000000004 34.859999999999985 8 6 2 1 3 
31.431915000000004 38.29999999999998 8 9 5 4 3 

8 4 700.0
27.162361857142855 534.67 8 6 5 4 
27.162361857142855 165.33 8 9 5 4 

8 5 500.0
24.842361800000003 381.91 8 6 5 
24.842361800000003 118.09 8 9 5 

8 6 800.0
14.820250375 799.99 8 6 
14.820250375 0.01 8 9 5 6 

8 7 1000.0
5.5 1000.0 8 7 

8 9 800.0
15.180241375000001 799.99 8 9 
15.180241375000001 0.01 8 6 5 9 

8 10 1600.0
20.86031025 1599.96 8 9 10 
20.86031025 0.03 8 16 10 
20.86031025 0.009999999999990905 8 6 5 9 10 

8 11 800.0
33.27123687499999 799.03 8 9 10 11 
33.27123687499999 0.96 8 6 5 4 11 
33.27123687499999 0.009999999999990905 8 9 5 4 11 

8 12 600.0
35.45191486524776 380.53 8 6 5 4 3 12 
35.45191486524776 104.57000000000005 8 6 2 1 3 12 
35.45191486524776 114.89000000000004 8 9 5 4 3 12 

8 13 600.0
38.47191486524776 380.53 8 6 5 4 3 12 13 
38.47191486524776 104.57000000000005 8 6 2 1 3 12 13 
38.47191486524776 114.89000000000004 8 9 5 4 3 12 13 

8 14 400.0
38.04139953498838 399.81 8 7 18 20 19 15 14 
38.04139953498838 0.02 8 7 18 20 22 15 14 
38.04139953498838 0.15 8 7 18 20 22 23 14 
38.04139953498838 0.009999999999972715 8 16 17 19 15 14 
38.04139953498838 0.0 8 6 5 4 11 14 

8 15 600.0
25.670462999999998 599.94 8 7 18 20 19 15 
25.670462999999998 0.029999999999972715 8 7 18 20 22 15 
25.670462999999998 0.029999999999972715 8 16 17 19 15 

8 16 2200.0
10.73 2067.73 8 16 
10.73 132.27 8 7 18 16 

8 17 1400.0
20.230121 1315.83 8 16 17 
20.230121 84.16 8 7 18 16 17 
20.230121 0.01 8 9 10 17 

8 18 300.0
7.56 300.0 8 7 18 
7.56 0.0 8 16 18 

8 19 700.0
21.330527714285715 699.96 8 7 18 20 19 
21.330527714285715 0.03 8 16 17 19 
21.330527714285715 0.009999999999990905 8 16 18 20 22 15 19 

8 20 900.0
11.820070333333335 899.99 8 7 18 20 
11.820070333333335 0.009999999999990905 8 16 18 20 

8 21 400.0
19.990000000000002 400.0 8 7 18 20 21 

8 22 500.0
19.53 500.0 8 7 18 20 22 

8 23 300.0
31.900372999999995 299.97 8 7 18 20 22 23 
31.900372999999995 0.029999999999972715 8 7 18 20 21 24 23 

8 24 200.0
31.910187500000006 199.99 8 7 18 20 21 24 
31.910187500000006 0.009999999999990905 8 7 18 20 22 23 24 

9 1 500.0
20.269999999999996 500.0 9 5 4 3 1 

9 2 200.0
26.27 32.04 9 5 4 3 1 2 
26.27 167.96 9 5 6 2 

9 3 100.0
16.259999999999998 100.0 9 5 4 3 

9 4 700.0
11.990190285714286 699.99 9 5 4 
11.990190285714286 0.01 9 10 11 4 

9 5 800.0
9.67 800.0 9 5 

9 6 400.0
19.67 400.0 9 5 6 
19.67 0.0 9 8 6 

9 7 600.0
20.540348 599.98 9 8 7 
20.540348 0.02 9 10 16 18 7 

9 8 800.0
15.04 800.0 9 8 

9 10 2800.0
5.68 2800.0 9 10 

9 11 1400.0
18.090088285714284 1399.88 9 10 11 
18.090088285714284 0.12 9 5 4 11 

9 12 600.0
20.28019 599.99 9 5 4 3 12 
20.28019 0.01 9 10 11 12 

9 13 600.0
23.300189999999997 599.99 9 5 4 3 12 13 
23.300189999999997 0.009999999999990905 9 10 11 12 13 

9 14 600.0
31.778214166666665 354.09 9 10 15 14 
31.778214166666665 245.9 9 10 11 14 
31.778214166666665 0.009999999999990905 9 5 4 11 14 

9 15 900.0
19.4 900.0 9 10 15 

9 16 1400.0
25.76651214285714 488.3 9 10 16 
25.76651214285714 24.17 9 8 7 18 16 
25.76651214285714 887.53 9 8 16 

9 17 900.0
21.99029488888889 899.98 9 10 17 
21.99029488888889 0.01999999999998181 9 10 16 17 

9 18 200.0
22.600632 199.98 9 8 7 18 
22.600632 0.02 9 10 16 18 

9 19 400.0
23.730474249999997 399.99 9 10 15 19 
23.730474249999997 0.009999999999990905 9 10 16 17 19 

9 20 600.0
26.86063266666667 599.94 9 8 7 18 20 
26.86063266666667 0.01999999999998181 9 10 16 18 20 
26.86063266666667 0.04 9 10 15 19 20 

9 21 300.0
32.69039001300043 299.94 9 10 15 22 21 
32.69039001300043 0.05 9 8 7 18 20 21 
32.69039001300043 0.0 9 10 15 19 20 21 

9 22 700.0
28.49 700.0 9 10 15 22 

9 23 500.0
40.858969800000004 122.97 9 10 15 14 23 
40.858969800000004 306.6 9 10 15 22 23 
40.858969800000004 70.41999999999996 9 10 11 14 23 
40.858969800000004 0.01 9 5 4 11 14 23 

9 24 200.0
40.96018250912545 199.98 9 5 4 3 12 13 24 
40.96018250912545 0.01 9 10 15 22 21 24 
40.96018250912545 0.0 9 10 15 22 23 24 
40.96018250912545 0.0 9 10 11 14 23 24 

10 1 1300.0
25.990118153846158 1299.92 10 9 5 4 3 1 
25.990118153846158 0.07999999999992724 10 11 4 3 1 

10 2 600.0
31.99046616666667 503.84 10 9 5 6 2 
31.99046616666667 96.11 10 9 5 4 3 1 2 
31.99046616666667 0.04 10 11 4 3 1 2 
31.99046616666667 0.01 10 16 8 6 2 

10 3 300.0
21.980127999999997 299.98 10 9 5 4 3 
21.980127999999997 0.01999999999998181 10 11 4 3 

10 4 1200.0
17.710112000000002 1199.93 10 9 5 4 
17.710112000000002 0.07 10 11 4 

10 5 1000.0
15.3901312 999.98 10 9 5 
15.3901312 0.02 10 11 4 5 

10 6 800.0
25.390463000000004 799.97 10 9 5 6 
25.390463000000004 0.009999999999990905 10 11 4 5 6 
25.390463000000004 0.009999999999990905 10 9 8 6 
25.390463000000004 0.01 10 16 8 6 

10 7 1900.0
25.300242526315785 1899.52 10 16 18 7 
25.300242526315785 0.48 10 9 8 7 

10 8 1600.0
20.760378562499994 1599.94 10 9 8 
20.760378562499994 0.03 10 16 18 7 8 
20.760378562499994 0.03 10 16 8 

10 9 2800.0
5.72 2800.0 10 9 

10 11 4000.0
12.410124300000001 3999.96 10 11 
12.410124300000001 0.04 10 9 5 4 11 

10 12 2000.0
26.0 1665.71 10 11 12 
26.0 334.29 10 9 5 4 3 12 

10 13 1900.0
29.02 1582.43 10 11 12 13 
29.02 317.56999999999994 10 9 5 4 3 12 13 

10 14 2100.0
26.098197047619045 1239.31 10 15 14 
26.098197047619045 860.69 10 11 14 

10 15 4000.0
13.72 4000.0 10 15 

10 16 4400.0
20.0804565919468 4399.83 10 16 
20.0804565919468 0.05 10 17 16 
20.0804565919468 0.04 10 9 8 16 
20.0804565919468 0.04 10 15 19 20 18 16 
20.0804565919468 0.03 10 15 22 21 20 18 16 

10 17 3900.0
16.31023817948718 3899.93 10 17 
16.31023817948718 0.07 10 16 17 

10 18 700.0
23.240366285714284 699.97 10 16 18 
23.240366285714284 0.01 10 17 16 18 
23.240366285714284 0.01 10 15 19 20 18 
23.240366285714284 0.00999999999998181 10 9 8 16 18 

10 19 1800.0
18.05031616666667 1799.97 10 15 19 
18.05031616666667 0.03 10 16 17 19 

10 20 2500.0
27.505932959999996 1040.95 10 16 18 20 
27.505932959999996 1459.0 10 15 19 20 
27.505932959999996 0.03 10 15 22 20 
27.505932959999996 0.019999999999954526 10 15 22 21 20 

10 21 1200.0
27.010072250000004 1199.99 10 15 22 21 
27.010072250000004 0.009999999999990905 10 15 19 20 21 

10 22 2600.0
22.810000000000002 2600.0 10 15 22 

10 23 1800.0
35.17894916666666 442.69 10 15 14 23 
35.17894916666666 1103.77 10 15 22 23 
35.17894916666666 253.54 10 11 14 23 

10 24 800.0
38.93387200000001 488.62 10 15 22 21 24 
38.93387200000001 54.54 10 15 14 23 24 
38.93387200000001 203.91999999999996 10 15 22 23 24 
38.93387200000001 52.919999999999995 10 11 14 23 24 

11 1 500.0
15.500489599999998 499.96 11 4 3 1 
15.500489599999998 0.04 11 12 3 1 

11 2 200.0
21.500306015300765 199.98 11 4 3 1 2 
21.500306015300765 0.0 11 4 5 6 2 
21.500306015300765 0.01 11 12 3 1 2 

11 3 300.0
11.490407999999999 299.98 11 4 3 
11.490407999999999 0.02 11 12 3 

11 4 1500.0
7.22 1500.0 11 4 

11 5 500.0
9.54 500.0 11 4 5 

11 6 400.0
19.54 400.0 11 4 5 6 
19.54 0.0 11 12 3 1 2 6 

11 7 500.0
37.50044220884418 499.87 11 10 16 18 7 
37.50044220884418 0.11 11 10 9 8 7 
37.50044220884418 0.0 11 4 5 6 8 7 
37.50044220884418 0.009999999999990905 11 14 23 22 20 18 7 

11 8 800.0
32.96147564344554 799.13 11 10 9 8 
32.96147564344554 0.01999999999998181 11 4 5 9 8 
32.96147564344554 0.8300000000000182 11 4 5 6 8 
32.96147564344554 0.01 11 10 16 8 

11 9 1400.0
17.92008164285714 1399.91 11 10 9 
17.92008164285714 0.09 11 4 5 9 

11 10 3900.0
12.2 3900.0 11 10 

11 12 1400.0
13.590054857142857 1399.96 11 12 
13.590054857142857 0.04 11 4 3 12 

11 13 1000.0
16.6100576 999.97 11 12 13 
16.6100576 0.029999999999972715 11 4 3 12 13 

11 14 1600.0
13.700440875 1599.98 11 14 
13.700440875 0.02 11 4 3 12 13 24 23 14 

11 15 1400.0
25.92730428571429 888.7 11 10 15 
25.92730428571429 511.3 11 14 15 

11 16 1400.0
32.28034407142857 1399.95 11 10 16 
32.28034407142857 0.02 11 10 17 16 
32.28034407142857 0.009999999999972715 11 10 9 8 16 
32.28034407142857 2.72854655536392e-14 11 4 5 9 8 16 
32.28034407142857 0.009999999999972715 11 4 5 9 8 7 18 16 
32.28034407142857 0.009999999999999998 11 4 5 6 8 7 18 16 

11 17 1000.0
28.510265399999998 999.98 11 10 17 
28.510265399999998 0.01999999999998181 11 10 16 17 

11 18 100.0
35.44 100.0 11 10 16 18 
35.44 0.0 11 4 5 9 8 7 18 
35.44 0.0 11 14 23 22 20 18 

11 19 400.0
30.257303999999998 253.92 11 10 15 19 
30.257303999999998 146.08 11 14 15 19 

11 20 600.0
39.71319805330089 167.96 11 10 16 18 20 
39.71319805330089 259.61 11 10 15 19 20 
39.71319805330089 172.37 11 14 15 19 20 
39.71319805330089 0.04999999999998295 11 14 23 22 20 
39.71319805330089 0.0 11 4 5 6 8 7 18 20 

11 21 400.0
38.29131303282582 399.57 11 14 23 24 21 
38.29131303282582 0.24 11 10 15 22 21 
38.29131303282582 0.06 11 14 23 22 21 
38.29131303282582 0.1 11 14 15 22 21 
38.29131303282582 0.01999999999998181 11 12 13 24 21 

11 22 1100.0
35.017396272727275 497.0 11 10 15 22 
35.017396272727275 392.41 11 14 23 22 
35.017396272727275 210.58999999999997 11 14 15 22 

11 23 1300.0
22.78013176923077 1299.99 11 14 23 
22.78013176923077 0.01 11 4 3 12 13 24 23 

11 24 600.0
26.540676166666668 599.95 11 14 23 24 
26.540676166666668 0.04 11 12 13 24 
26.540676166666668 0.01 11 4 3 12 13 24 

12 1 200.0
8.03 200.0 12 3 1 

12 2 100.0
14.03 100.0 12 3 1 2 

12 3 200.0
4.02 200.0 12 3 

12 4 600.0
8.29 600.0 12 3 4 

12 5 200.0
10.61 200.0 12 3 4 5 

12 6 200.0
20.607079 58.42 12 3 1 2 6 
20.607079 141.57999999999998 12 3 4 5 6 

12 7 700.0
40.79843485714286 120.0 12 3 1 2 6 8 7 
40.79843485714286 135.9 12 3 4 5 9 8 7 
40.79843485714286 444.09 12 3 4 5 6 8 7 
40.79843485714286 0.01 12 11 10 16 18 7 

12 8 600.0
35.29828583333333 102.85 12 3 1 2 6 8 
35.29828583333333 116.5 12 3 4 5 9 8 
35.29828583333333 380.65 12 3 4 5 6 8 

12 9 600.0
20.260189999999998 599.99 12 3 4 5 9 
20.260189999999998 0.01 12 11 10 9 

12 10 2000.0
25.94 1674.75 12 11 10 
25.94 325.25 12 3 4 5 9 10 

12 11 1400.0
13.740036 1399.97 12 11 
13.740036 0.03 12 3 4 11 

12 13 1300.0
3.02 1300.0 12 13 

12 14 700.0
27.440884 699.89 12 11 14 
27.440884 0.009999999999990905 12 3 4 11 14 
27.440884 0.1 12 13 24 23 14 

12 15 700.0
39.66727896112801 405.77 12 11 10 15 
39.66727896112801 48.49 12 3 4 5 9 10 15 
39.66727896112801 245.7 12 11 14 15 
39.66727896112801 0.03 12 13 24 23 22 15 

12 16 700.0
46.02666076198911 174.45 12 11 10 16 
46.02666076198911 27.21 12 3 4 5 9 10 16 
46.02666076198911 58.83 12 3 1 2 6 8 16 
46.02666076198911 65.75 12 3 4 5 9 8 16 
46.02666076198911 353.25 12 3 4 5 6 8 16 
46.02666076198911 20.379999999999995 12 3 4 5 6 8 7 18 16 
46.02666076198911 0.14 12 13 24 21 20 18 16 

12 17 600.0
42.25022116666666 502.43 12 11 10 17 
42.25022116666666 97.56 12 3 4 5 9 10 17 
42.25022116666666 0.009999999999990905 12 3 4 5 9 10 16 17 

12 18 200.0
42.859559000000004 34.26 12 3 1 2 6 8 7 18 
42.859559000000004 38.79 12 3 4 5 9 8 7 18 
42.859559000000004 126.86 12 3 4 5 6 8 7 18 
42.859559000000004 0.07 12 13 24 21 20 18 
42.859559000000004 0.009999999999999995 12 13 24 23 22 20 18 
42.859559000000004 0.01 12 11 10 16 18 

12 19 300.0
43.99722157405246 173.9 12 11 10 15 19 
43.99722157405246 20.78 12 3 4 5 9 10 15 19 
43.99722157405246 105.29999999999998 12 11 14 15 19 
43.99722157405246 0.0 12 3 4 11 14 15 19 
43.99722157405246 0.01 12 13 24 23 22 15 19 

12 20 400.0
40.510975 399.93 12 13 24 21 20 
40.510975 0.06 12 13 24 23 22 20 
40.510975 0.0 12 3 4 5 9 10 15 19 20 
40.510975 0.01 12 11 14 23 22 20 

12 21 300.0
32.43068433333333 299.99 12 13 24 21 
32.43068433333333 0.01 12 11 14 23 22 21 
32.43068433333333 0.0 12 3 4 5 9 10 15 19 20 21 

12 22 700.0
36.64034614285715 238.47 12 13 24 23 22 
36.64034614285715 461.51 12 13 24 21 22 
36.64034614285715 0.01 12 3 4 5 9 10 15 22 
36.64034614285715 0.009999999999990905 12 11 14 23 22 

12 23 700.0
24.40017314285714 699.99 12 13 24 23 
24.40017314285714 0.01 12 11 14 23 

12 24 500.0
20.68 500.0 12 13 24 

13 1 500.0
11.049999999999999 500.0 13 12 3 1 

13 2 300.0
17.049999999999997 300.0 13 12 3 1 2 

13 3 100.0
7.039999999999999 100.0 13 12 3 

13 4 600.0
11.309999999999999 600.0 13 12 3 4 

13 5 200.0
13.629999999999999 200.0 13 12 3 4 5 

13 6 200.0
23.627078999999995 58.42 13 12 3 1 2 6 
23.627078999999995 141.57999999999998 13 12 3 4 5 6 

13 7 400.0
43.8123015 0.94 13 12 3 1 2 6 8 7 
43.8123015 332.76 13 24 21 20 18 7 
43.8123015 5.68 13 12 3 4 5 9 8 7 
43.8123015 60.57 13 12 3 4 5 6 8 7 
43.8123015 0.04 13 24 23 22 20 18 7 
43.8123015 0.01 13 12 11 10 16 18 7 

13 8 600.0
38.318285833333334 102.85 13 12 3 1 2 6 8 
38.318285833333334 116.5 13 12 3 4 5 9 8 
38.318285833333334 380.65 13 12 3 4 5 6 8 

13 9 600.0
23.28019 599.99 13 12 3 4 5 9 
23.28019 0.009999999999990905 13 12 11 10 9 

13 10 1900.0
28.960000000000004 1591.01 13 12 11 10 
28.960000000000004 308.99 13 12 3 4 5 9 10 

13 11 1000.0
16.760033600000003 999.98 13 12 11 
16.760033600000003 0.01999999999998181 13 12 3 4 11 

13 12 1300.0
3.02 1300.0 13 12 

13 14 600.0
30.440303333333336 590.9 13 24 23 14 
30.440303333333336 9.1 13 12 11 14 

13 15 700.0
42.68002085744082 1.9 13 12 11 10 15 
42.68002085744082 67.67 13 24 23 14 15 
42.68002085744082 190.15999999999997 13 24 23 22 15 
42.68002085744082 439.5300000000001 13 24 21 22 15 
42.68002085744082 0.73 13 12 11 14 15 

13 16 600.0
44.920786679778 599.87 13 24 21 20 18 16 
44.920786679778 0.08 13 24 23 22 20 18 16 
44.920786679778 0.01 13 12 3 1 2 6 8 16 
44.920786679778 0.03 13 12 11 10 16 
44.920786679778 4.092559624524483e-14 13 12 3 4 5 9 8 7 18 16 

13 17 500.0
45.270182999999996 418.68 13 12 11 10 17 
45.270182999999996 81.31 13 12 3 4 5 9 10 17 
45.270182999999996 0.01 13 24 21 22 15 19 17 

13 18 100.0
41.750384038403844 99.98 13 24 21 20 18 
41.750384038403844 0.009999999999990905 13 24 23 22 20 18 
41.750384038403844 0.0 13 12 3 1 2 6 8 7 18 
41.750384038403844 0.0 13 12 11 10 16 18 

13 19 300.0
47.009372 19.46 13 24 21 20 19 
47.009372 0.77 13 12 11 10 15 19 
47.009372 27.36 13 24 23 14 15 19 
47.009372 79.35 13 24 23 22 15 19 
47.009372 172.75 13 24 21 22 15 19 
47.009372 0.31 13 12 11 14 15 19 

13 20 600.0
37.49125900000001 599.89 13 24 21 20 
37.49125900000001 0.09 13 24 23 22 20 
37.49125900000001 0.01 13 12 3 4 5 9 10 15 19 20 
37.49125900000001 0.01 13 12 11 14 23 22 20 

13 21 600.0
29.41 600.0 13 24 21 

13 22 1300.0
33.62027938461539 442.89 13 24 23 22 
33.62027938461539 857.09 13 24 21 22 
33.62027938461539 0.02 13 12 11 14 23 22 

13 23 800.0
21.380227 799.99 13 24 23 
21.380227 0.01 13 12 11 14 23 

13 24 800.0
17.66 800.0 13 24 

14 1 300.0
29.340813666666666 299.97 14 11 4 3 1 
29.340813666666666 0.01999999999998181 14 11 12 3 1 
29.340813666666666 0.009999999999990905 14 23 24 13 12 3 1 

14 2 100.0
35.34061199999999 99.99 14 11 4 3 1 2 
35.34061199999999 0.01 14 11 12 3 1 2 
35.34061199999999 0.0 14 15 10 9 5 6 2 

14 3 100.0
25.330611999999995 99.99 14 11 4 3 
25.330611999999995 0.01 14 11 12 3 

14 4 500.0
21.06 499.99 14 11 4 
21.06 0.0 14 23 24 13 12 3 4 
21.06 0.0 14 15 10 9 5 4 

14 5 100.0
23.38 100.0 14 11 4 5 
23.38 0.0 14 15 10 9 5 

14 6 100.0
33.379999999999995 100.0 14 11 4 5 6 
33.379999999999995 0.0 14 23 24 13 12 3 1 2 6 
33.379999999999995 0.0 14 15 19 17 16 8 6 

14 7 200.0
32.3506000300015 199.95 14 15 19 20 18 7 
32.3506000300015 0.04 14 23 22 20 18 7 
32.3506000300015 0.0 14 15 19 17 16 18 7 

14 8 400.0
37.90186624999999 399.85 14 15 19 20 18 7 8 
37.90186624999999 0.06999999999999318 14 23 22 20 18 7 8 
37.90186624999999 0.06999999999999318 14 15 19 17 16 8 
37.90186624999999 0.009999999999990905 14 23 22 20 18 16 8 

14 9 600.0
31.765890499999998 246.57 14 11 10 9 
31.765890499999998 353.43 14 15 10 9 

14 10 2100.0
26.045890428571433 863.01 14 11 10 
26.045890428571433 1236.99 14 15 10 

14 11 1600.0
13.840463125000001 1599.98 14 11 
13.840463125000001 0.02 14 15 10 9 5 4 11 

14 12 700.0
27.43046557142857 699.97 14 11 12 
27.43046557142857 0.009999999999990905 14 11 4 3 12 
27.43046557142857 0.01 14 23 24 13 12 
27.43046557142857 0.01 14 15 10 9 5 4 3 12 

14 13 600.0
30.45986866666667 7.88 14 11 12 13 
30.45986866666667 592.12 14 23 24 13 

14 15 1300.0
12.24 1300.0 14 15 

14 16 700.0
33.450315428571436 692.92 14 15 19 17 16 
33.450315428571436 7.03 14 15 19 20 18 16 
33.450315428571436 0.04999999999999982 14 23 22 20 18 16 

14 17 700.0
23.980262428571432 699.99 14 15 19 17 
23.980262428571432 0.01 14 11 10 17 

14 18 100.0
30.290599999999998 99.98 14 15 19 20 18 
30.290599999999998 0.01999999999999602 14 23 22 20 18 

14 19 300.0
16.57 300.0 14 15 19 

14 20 500.0
26.030660000000005 499.89 14 15 19 20 
26.030660000000005 0.11 14 23 22 20 

14 21 400.0
24.590491262281557 399.78 14 23 24 21 
24.590491262281557 0.09 14 23 22 21 
24.590491262281557 0.12 14 15 22 21 
24.590491262281557 0.0 14 15 19 20 21 

14 22 1200.0
21.323869666666667 735.64 14 23 22 
21.323869666666667 464.36 14 15 22 

14 23 1100.0
9.08 1100.0 14 23 

14 24 400.0
12.84 400.0 14 23 24 

15 1 500.0
39.8006194 499.87 15 10 9 5 4 3 1 
39.8006194 0.11 15 14 11 4 3 1 
39.8006194 0.010000000000004547 15 10 11 4 3 1 
39.8006194 0.009999999999977263 15 10 11 12 3 1 

15 2 100.0
45.800256025602565 83.96 15 10 9 5 6 2 
45.800256025602565 16.01 15 10 9 5 4 3 1 2 
45.800256025602565 0.02 15 19 20 18 7 8 6 2 

15 3 100.0
35.79057400000001 99.97 15 10 9 5 4 3 
35.79057400000001 0.02 15 14 11 4 3 
35.79057400000001 0.009999999999999998 15 10 11 4 3 
35.79057400000001 0.0 15 10 11 12 3 

15 4 500.0
31.520497 499.87 15 10 9 5 4 
31.520497 0.11 15 14 11 4 
31.520497 0.01999999999998181 15 10 11 4 

15 5 200.0
29.200000000000003 200.0 15 10 9 5 
29.200000000000003 0.0 15 14 11 4 5 

15 6 200.0
39.20063650000001 199.95 15 10 9 5 6 
39.20063650000001 0.04 15 19 20 18 7 8 6 
39.20063650000001 0.01 15 19 17 16 8 6 

15 7 500.0
20.110692200000003 499.94 15 19 20 18 7 
20.110692200000003 0.009999999999990905 15 22 20 18 7 
20.110692200000003 0.05 15 19 17 16 18 7 

15 8 600.0
25.661582499999998 599.85 15 19 20 18 7 8 
25.661582499999998 0.14999999999997726 15 19 17 16 8 

15 9 1000.0
19.53 1000.0 15 10 9 

15 10 4000.0
13.81 4000.0 15 10 

15 11 1400.0
26.2163715 520.42 15 14 11 
26.2163715 879.57 15 10 11 
26.2163715 0.009999999999990905 15 10 9 5 4 11 

15 12 700.0
39.80647928571429 248.37 15 14 11 12 
39.80647928571429 401.86 15 10 11 12 
39.80647928571429 49.76 15 10 9 5 4 3 12 
39.80647928571429 0.0099999999999838 15 10 11 4 3 12 

15 13 700.0
42.83276775382506 0.78 15 14 11 12 13 
42.83276775382506 435.76 15 22 21 24 13 
42.83276775382506 67.0 15 14 23 24 13 
42.83276775382506 1.93 15 10 11 12 13 
42.83276775382506 194.51999999999998 15 22 23 24 13 

15 14 1300.0
12.37 1300.0 15 14 

15 16 1200.0
21.210164166666665 1187.88 15 19 17 16 
21.210164166666665 12.1099999999999 15 19 20 18 16 
21.210164166666665 0.01 15 22 21 20 18 16 

15 17 1500.0
11.740122533333334 1499.99 15 19 17 
11.740122533333334 0.01 15 10 17 

15 18 200.0
18.050632 199.98 15 19 20 18 
18.050632 0.02 15 19 17 16 18 

15 19 800.0
4.33 800.0 15 19 

15 20 1100.0
13.790315181818185 1099.9 15 19 20 
13.790315181818185 0.09 15 22 20 
13.790315181818185 0.01 15 22 21 20 

15 21 800.0
13.290108374999999 799.99 15 22 21 
13.290108374999999 0.01 15 19 20 21 

15 22 2600.0
9.09 2600.0 15 22 

15 23 1000.0
21.4567448 325.52 15 14 23 
21.4567448 674.48 15 22 23 

15 24 400.0
25.212799750000002 249.28 15 22 21 24 
25.212799750000002 38.73 15 14 23 24 
25.212799750000002 111.98999999999998 15 22 23 24 

16 1 500.0
38.19934920000001 32.54 16 18 7 8 6 2 1 
38.19934920000001 467.46 16 8 6 2 1 

16 2 400.0
32.199349250000004 26.03 16 18 7 8 6 2 
32.199349250000004 373.97 16 8 6 2 

16 3 200.0
42.21177300000001 9.7 16 18 7 8 6 2 1 3 
42.21177300000001 20.63 16 8 6 2 1 3 
42.21177300000001 124.51 16 8 6 5 4 3 
42.21177300000001 16.04 16 10 9 5 4 3 
42.21177300000001 29.119999999999983 16 8 9 5 4 3 

16 4 800.0
37.94216290203628 38.06 16 18 7 8 6 5 4 
37.94216290203628 550.8399999999999 16 8 6 5 4 
37.94216290203628 72.06 16 10 9 5 4 
37.94216290203628 139.03 16 8 9 5 4 

16 5 500.0
35.622163 23.79 16 18 7 8 6 5 
35.622163 344.27 16 8 6 5 
35.622163 45.04 16 10 9 5 
35.622163 86.9 16 8 9 5 

16 6 900.0
25.599571666666666 58.58 16 18 7 8 6 
25.599571666666666 841.41 16 8 6 
25.599571666666666 0.009999999999990905 16 8 9 5 6 

16 7 1400.0
5.220000000000001 1400.0 16 18 7 

16 8 2200.0
10.779349136363635 143.19 16 18 7 8 
10.779349136363635 2056.81 16 8 

16 9 1400.0
25.959901071428575 33.16 16 18 7 8 9 
25.959901071428575 451.74 16 10 9 
25.959901071428575 915.09 16 8 9 
25.959901071428575 0.009999999999990905 16 8 6 5 9 

16 10 4400.0
20.240533773940395 4399.75 16 10 
20.240533773940395 0.09 16 17 10 
20.240533773940395 0.03 16 18 7 8 9 10 
20.240533773940395 0.08 16 8 9 10 
20.240533773940395 0.04 16 18 20 19 15 10 

16 11 1400.0
32.65069243351738 1399.92 16 10 11 
32.65069243351738 0.01 16 18 7 8 6 5 4 11 
32.65069243351738 0.04 16 8 6 5 4 11 
32.65069243351738 0.01 16 8 9 5 4 11 
32.65069243351738 0.01 16 18 20 21 22 15 14 11 

16 12 700.0
46.233674766782386 22.94 16 18 7 8 6 2 1 3 12 
46.233674766782386 44.59 16 8 6 2 1 3 12 
46.233674766782386 377.12 16 8 6 5 4 3 12 
46.233674766782386 160.79 16 10 11 12 
46.233674766782386 24.26 16 10 9 5 4 3 12 
46.233674766782386 70.15999999999997 16 8 9 5 4 3 12 
46.233674766782386 0.13 16 18 20 21 24 13 12 

16 13 600.0
45.130685678094636 599.89 16 18 20 21 24 13 
45.130685678094636 0.01 16 18 7 8 6 2 1 3 12 13 
45.130685678094636 0.060000000000000005 16 18 7 8 6 5 4 3 12 13 
45.130685678094636 0.02 16 8 6 5 4 3 12 13 
45.130685678094636 0.01 16 10 11 12 13 

16 14 700.0
33.65014528778983 7.29 16 18 20 19 15 14 
33.65014528778983 692.64 16 17 19 15 14 
33.65014528778983 0.01 16 18 20 22 15 14 
33.65014528778983 0.04999999999999961 16 18 20 22 23 14 

16 15 1200.0
21.27998325 12.5 16 18 20 19 15 
21.27998325 1187.48 16 17 19 15 
21.27998325 0.01 16 18 20 22 15 
21.27998325 0.009999999999999573 16 18 20 21 22 15 

16 17 2800.0
9.50044882142857 2799.97 16 17 
9.50044882142857 0.03 16 18 20 19 15 10 17 

16 18 500.0
3.16 500.0 16 18 

16 19 1300.0
16.94010992307692 13.54 16 18 20 19 
16.94010992307692 1286.44 16 17 19 
16.94010992307692 0.01 16 18 20 22 15 19 
16.94010992307692 0.01 16 18 20 21 22 15 19 

16 20 1600.0
7.42 1600.0 16 18 20 

16 21 600.0
15.590316333333334 599.99 16 18 20 21 
15.590316333333334 0.01 16 17 19 15 22 21 

16 22 1200.0
15.130292916666667 1199.97 16 18 20 22 
15.130292916666667 0.009999999999990905 16 18 20 21 22 
15.130292916666667 0.02 16 17 19 15 22 

16 23 500.0
27.500373007460148 499.94 16 18 20 22 23 
27.500373007460148 0.05000000000001137 16 18 20 21 24 23 

16 24 300.0
27.510633 299.99 16 18 20 21 24 
27.510633 0.01 16 17 19 15 22 23 24 

17 1 400.0
42.30076724999999 399.93 17 10 9 5 4 3 1 
42.30076724999999 0.01999999999998181 17 10 11 4 3 1 
42.30076724999999 0.05 17 16 8 6 2 1 

17 2 200.0
41.669349467473374 13.01 17 16 18 7 8 6 2 
41.669349467473374 186.98 17 16 8 6 2 
41.669349467473374 0.0 17 10 9 5 4 3 1 2 
41.669349467473374 0.0 17 10 9 5 6 2 

17 3 100.0
38.29019199999999 99.99 17 10 9 5 4 3 
38.29019199999999 0.01 17 10 11 4 3 

17 4 500.0
34.0206508 499.95 17 10 9 5 4 
34.0206508 0.03 17 10 11 4 
34.0206508 0.02 17 16 8 6 5 4 

17 5 200.0
31.700669499999993 199.99 17 10 9 5 
31.700669499999993 0.01 17 16 8 6 5 

17 6 500.0
35.069481989639804 32.53 17 16 18 7 8 6 
35.069481989639804 467.45000000000005 17 16 8 6 
35.069481989639804 0.01 17 10 9 5 6 
35.069481989639804 0.0 17 10 11 4 5 6 

17 7 1000.0
14.690278800000002 999.99 17 16 18 7 
14.690278800000002 0.01 17 10 9 8 7 

17 8 1400.0
20.24946935714286 91.11 17 16 18 7 8 
20.24946935714286 1308.88 17 16 8 
20.24946935714286 0.01 17 10 9 8 

17 9 900.0
22.030297777777776 899.98 17 10 9 
22.030297777777776 0.01999999999998181 17 16 10 9 

17 10 3900.0
16.31024051282051 3899.93 17 10 
16.31024051282051 0.07 17 16 10 

17 11 1000.0
28.720577700000003 999.96 17 10 11 
28.720577700000003 0.02 17 19 15 14 11 
28.720577700000003 0.009999999999990905 17 16 10 11 
28.720577700000003 0.01 17 16 10 9 5 4 11 

17 12 600.0
42.3104465 100.28 17 10 9 5 4 3 12 
42.3104465 499.70000000000005 17 10 11 12 
42.3104465 0.01 17 16 8 6 5 4 3 12 
42.3104465 0.009999999999934062 17 16 10 11 12 

17 13 500.0
45.330453399999996 83.56 17 10 9 5 4 3 12 13 
45.330453399999996 416.42 17 10 11 12 13 
45.330453399999996 0.01 17 19 15 22 21 24 13 
45.330453399999996 0.009999999999990905 17 16 8 6 5 4 3 12 13 

17 14 700.0
24.150260714285714 699.99 17 19 15 14 
24.150260714285714 0.009999999999990905 17 10 15 14 

17 15 1500.0
11.780121666666666 1499.99 17 19 15 
11.780121666666666 0.01 17 10 15 

17 16 2800.0
9.470447642857142 2799.97 17 16 
9.470447642857142 0.03 17 10 15 19 20 18 16 

17 18 600.0
12.630590833333336 599.99 17 16 18 
12.630590833333336 0.01 17 10 15 19 20 18 

17 19 1700.0
7.440316705882354 1699.98 17 19 
7.440316705882354 0.02 17 10 15 19 

17 20 1700.0
16.891213470588237 1547.55 17 16 18 20 
16.891213470588237 152.43 17 19 20 
16.891213470588237 0.01999999999998181 17 10 15 19 20 

17 21 600.0
25.06425116666667 344.93 17 16 18 20 21 
25.06425116666667 26.75999999999999 17 19 20 21 
25.06425116666667 228.31 17 19 15 22 21 

17 22 1700.0
20.87021470588235 1699.98 17 19 15 22 
20.87021470588235 0.01999999999998181 17 10 15 22 

17 23 600.0
33.237049 195.31 17 19 15 14 23 
33.237049 404.68 17 19 15 22 23 
33.237049 0.009999999999990905 17 10 15 22 23 

17 24 300.0
36.988157666666666 121.45 17 16 18 20 21 24 
36.988157666666666 21.76 17 19 15 14 23 24 
36.988157666666666 5.3799999999999955 17 19 20 21 24 
36.988157666666666 85.23 17 19 15 22 21 24 
36.988157666666666 66.17999999999999 17 19 15 22 23 24 

18 1 100.0
35.03 100.0 18 7 8 6 2 1 
35.03 0.0 18 16 8 9 5 4 3 1 

18 4 100.0
34.772362 76.38 18 7 8 6 5 4 
34.772362 23.62 18 7 8 9 5 4 

18 6 100.0
22.43 100.0 18 7 8 6 
22.43 0.0 18 16 8 9 5 6 

18 7 200.0
2.06 200.0 18 7 

18 8 300.0
7.610211333333333 299.99 18 7 8 
7.610211333333333 0.01 18 16 8 

18 9 200.0
22.790950999999996 199.97 18 7 8 9 
22.790950999999996 0.02 18 16 10 9 
22.790950999999996 0.009999999999990905 18 16 8 9 
22.790950999999996 0.0 18 16 8 6 5 9 

18 10 700.0
23.410436285714283 699.96 18 16 10 
23.410436285714283 0.01 18 7 8 9 10 
23.410436285714283 0.01 18 16 17 10 
23.410436285714283 0.01 18 20 19 15 10 
23.410436285714283 0.00999999999998181 18 16 8 9 10 

18 11 200.0
35.81999999999999 199.99 18 16 10 11 
35.81999999999999 0.0 18 7 8 6 5 4 11 
35.81999999999999 0.0 18 20 19 15 14 11 
35.81999999999999 0.0 18 20 22 15 14 11 

18 12 200.0
43.063388 34.82 18 7 8 6 2 1 3 12 
43.063388 126.8 18 7 8 6 5 4 3 12 
43.063388 38.250000000000014 18 7 8 9 5 4 3 12 
43.063388 0.12 18 20 21 24 13 12 
43.063388 0.0 18 16 10 11 12 
43.063388 0.0099999999999838 18 16 8 9 5 4 3 12 

18 13 100.0
41.97041104110411 99.98 18 20 21 24 13 
41.97041104110411 0.0 18 20 22 23 24 13 
41.97041104110411 0.01 18 7 8 6 5 4 3 12 13 

18 14 100.0
30.481168116811673 99.95 18 20 19 15 14 
30.481168116811673 0.0 18 20 22 15 14 
30.481168116811673 0.04 18 20 22 23 14 
30.481168116811673 0.0 18 16 17 19 15 14 

18 15 200.0
18.110463 199.98 18 20 19 15 
18.110463 0.01 18 20 22 15 
18.110463 0.01 18 16 17 19 15 

18 16 500.0
3.17 500.0 18 16 

18 17 600.0
12.670592666666666 599.99 18 16 17 
12.670592666666666 0.01 18 20 19 15 10 17 

18 19 300.0
13.770211333333334 299.99 18 20 19 
13.770211333333334 0.01 18 16 17 19 

18 20 400.0
4.26 400.0 18 20 

18 21 100.0
12.43 100.0 18 20 21 

18 22 300.0
11.969999999999999 300.0 18 20 22 

18 23 100.0
24.340372999999996 99.99 18 20 22 23 
24.340372999999996 0.01 18 20 21 24 23 

19 1 300.0
44.140900333333335 299.92 19 15 10 9 5 4 3 1 
44.140900333333335 0.06 19 15 14 11 4 3 1 
44.140900333333335 0.01 19 20 18 7 8 6 2 1 
44.140900333333335 0.01 19 17 16 8 6 2 1 

19 2 100.0
42.75200500000001 99.97 19 20 18 7 8 6 2 
42.75200500000001 0.01999999999999602 19 17 16 8 6 2 
42.75200500000001 0.01 19 15 10 9 5 4 3 1 2 

19 4 200.0
35.860478 199.95 19 15 10 9 5 4 
35.860478 0.04 19 15 14 11 4 
35.860478 0.01 19 15 10 11 4 

19 5 100.0
33.54 99.99 19 15 10 9 5 
33.54 0.0 19 20 18 7 8 6 5 
33.54 0.0 19 17 16 8 6 5 

19 6 200.0
36.15195200000001 199.94 19 20 18 7 8 6 
36.15195200000001 0.05 19 17 16 8 6 
36.15195200000001 0.01 19 15 10 9 5 6 

19 7 400.0
15.780632 399.96 19 20 18 7 
15.780632 0.04 19 17 16 18 7 

19 8 700.0
21.331860000000002 699.82 19 20 18 7 8 
21.331860000000002 0.17 19 17 16 8 
21.331860000000002 0.009999999999990905 19 15 22 21 20 18 16 8 

19 9 400.0
23.870474249999994 399.99 19 15 10 9 
23.870474249999994 0.009999999999990905 19 17 16 10 9 

19 10 1800.0
18.150316166666666 1799.97 19 15 10 
18.150316166666666 0.03 19 17 16 10 

19 11 400.0
30.55628275 148.69 19 15 14 11 
30.55628275 251.31 19 15 10 11 

19 12 300.0
44.14645166666667 106.45 19 15 14 11 12 
44.14645166666667 21.33 19 15 10 9 5 4 3 12 
44.14645166666667 172.22000000000003 19 15 10 11 12 

19 13 300.0
47.172695089836324 0.3 19 15 14 11 12 13 
47.172695089836324 0.0 19 15 10 9 5 4 3 12 13 
47.172695089836324 173.43 19 15 22 21 24 13 
47.172695089836324 27.66 19 15 14 23 24 13 
47.172695089836324 16.68 19 20 21 24 13 
47.172695089836324 0.77 19 15 10 11 12 13 
47.172695089836324 81.15 19 15 22 23 24 13 

19 14 300.0
16.71 300.0 19 15 14 
16.71 0.0 19 20 22 23 14 

19 15 800.0
4.34 800.0 19 15 

19 16 1300.0
16.880226000000004 1286.87 19 17 16 
16.880226000000004 13.12 19 20 18 16 
16.880226000000004 0.01 19 15 22 21 20 18 16 

19 17 1700.0
7.410318235294119 1699.98 19 17 
7.410318235294119 0.02 19 15 10 17 

19 18 300.0
13.720632000000002 299.97 19 20 18 
13.720632000000002 0.03 19 17 16 18 

19 20 1200.0
9.460135416666668 1199.99 19 20 
9.460135416666668 0.01 19 15 22 21 20 

19 21 400.0
17.63 341.42 19 15 22 21 
17.63 58.58 19 20 21 

19 22 1200.0
13.430031166666668 1199.99 19 15 22 
13.430031166666668 0.01 19 20 22 

19 23 300.0
25.796744666666665 97.66 19 15 14 23 
25.796744666666665 202.34 19 15 22 23 

19 24 100.0
29.552724999999995 57.86 19 15 22 21 24 
29.552724999999995 9.32 19 15 14 23 24 
29.552724999999995 5.57 19 20 21 24 
29.552724999999995 27.25 19 15 22 23 24 

20 1 300.0
39.29084266666667 299.97 20 18 7 8 6 2 1 
39.29084266666667 0.009999999999990905 20 18 16 8 6 2 1 
39.29084266666667 0.02 20 21 24 13 12 3 1 

20 2 100.0
33.29 100.0 20 18 7 8 6 2 
33.29 0.0 20 19 15 10 9 5 4 3 1 2 

20 4 300.0
39.03236174539151 229.14 20 18 7 8 6 5 4 
39.03236174539151 70.85 20 18 7 8 9 5 4 
39.03236174539151 0.0 20 19 15 10 9 5 4 

20 5 100.0
36.712362 76.38 20 18 7 8 6 5 
36.712362 23.62 20 18 7 8 9 5 

20 6 300.0
26.690211333333334 299.99 20 18 7 8 6 
26.690211333333334 0.009999999999990905 20 18 16 8 6 
26.690211333333334 0.0 20 19 15 10 9 5 6 

20 7 500.0
6.32 500.0 20 18 7 

20 8 900.0
11.870211333333334 899.97 20 18 7 8 
11.870211333333334 0.029999999999972715 20 18 16 8 

20 9 600.0
27.050950849180822 599.9 20 18 7 8 9 
27.050950849180822 0.01 20 19 15 10 9 
27.050950849180822 0.01999999999998181 20 18 16 8 9 
27.050950849180822 0.06000000000001819 20 18 16 10 9 

20 10 2500.0
27.66423448 1462.36 20 19 15 10 
27.66423448 1037.6 20 18 16 10 
27.66423448 0.02 20 22 15 10 
27.66423448 0.02 20 21 22 15 10 

20 11 600.0
40.0701265 173.86 20 19 15 14 11 
40.0701265 260.03 20 19 15 10 11 
40.0701265 166.1 20 18 16 10 11 
40.0701265 2.842170943040401e-14 20 22 15 10 11 
40.0701265 0.009999999999971578 20 22 15 10 9 5 4 11 

20 12 500.0
40.730597200000005 499.96 20 21 24 13 12 
40.730597200000005 0.01 20 22 23 24 13 12 
40.730597200000005 0.02 20 18 7 8 6 5 4 3 12 
40.730597200000005 0.009999999999999998 20 18 16 8 6 5 4 3 12 

20 13 600.0
37.710125 599.98 20 21 24 13 
37.710125 0.01999999999998181 20 22 23 24 13 

20 14 500.0
26.2212848 499.78 20 19 15 14 
26.2212848 0.02 20 22 15 14 
26.2212848 0.2 20 22 23 14 

20 15 1100.0
13.850159272727273 1099.94 20 19 15 
13.850159272727273 0.06 20 22 15 

20 16 1600.0
7.43 1600.0 20 18 16 

20 17 1700.0
16.929399411764706 156.18 20 19 17 
16.929399411764706 1543.8 20 18 16 17 
16.929399411764706 0.01999999999998181 20 19 15 10 17 

20 18 400.0
4.26 400.0 20 18 

20 19 1200.0
9.510232083333332 1199.98 20 19 
9.510232083333332 0.01 20 22 15 19 
9.510232083333332 0.01 20 21 22 15 19 

20 21 1200.0
8.17 1200.0 20 21 

20 22 2400.0
7.710038916666666 2399.98 20 22 
7.710038916666666 0.02 20 21 22 

20 23 700.0
20.08042628571428 699.92 20 22 23 
20.08042628571428 0.08 20 21 24 23 

20 24 400.0
20.09009375 399.99 20 21 24 
20.09009375 0.01 20 22 23 24 

21 1 100.0
40.589999999999996 100.0 21 24 13 12 3 1 

21 4 200.0
40.849999999999994 200.0 21 24 13 12 3 4 
40.849999999999994 0.0 21 20 19 15 10 9 5 4 

21 5 100.0
42.473732 99.49 21 22 15 10 9 5 
42.473732 0.5 21 24 13 12 3 4 5 
42.473732 0.01 21 20 18 7 8 6 5 

21 6 100.0
34.769999999999996 99.99 21 20 18 7 8 6 
34.769999999999996 0.0 21 20 18 16 8 6 
34.769999999999996 0.0 21 24 13 12 3 1 2 6 
34.769999999999996 0.0 21 20 19 15 10 9 5 6 

21 7 200.0
14.4 200.0 21 20 18 7 

21 8 400.0
19.950317 399.98 21 20 18 7 8 
19.950317 0.01999999999998181 21 20 18 16 8 

21 9 300.0
32.80007766666666 299.99 21 22 15 10 9 
32.80007766666666 0.01 21 20 18 7 8 9 

21 10 1200.0
27.080216666666665 1199.97 21 22 15 10 
27.080216666666665 0.009999999999990905 21 20 19 15 10 
27.080216666666665 0.02 21 20 18 16 10 

21 11 400.0
38.540780500000004 399.67 21 24 23 14 11 
38.540780500000004 0.01 21 22 15 14 11 
38.540780500000004 0.11999999999999546 21 22 23 14 11 
38.540780500000004 0.19999999999999998 21 22 15 10 11 
38.540780500000004 0.0 21 20 19 15 10 11 

21 12 300.0
32.56 300.0 21 24 13 12 

21 13 600.0
29.540333333333333 599.99 21 24 13 
29.540333333333333 0.009999999999990905 21 20 22 23 24 13 

21 14 400.0
24.700399500000003 399.83 21 24 23 14 
24.700399500000003 0.05 21 22 15 14 
24.700399500000003 0.12 21 22 23 14 

21 15 800.0
13.27010825 799.99 21 22 15 
13.27010825 0.01 21 20 19 15 

21 16 600.0
15.510380166666668 599.98 21 20 18 16 
15.510380166666668 0.009999999999990905 21 22 20 18 16 
15.510380166666668 0.01 21 22 15 19 17 16 

21 17 600.0
25.009809666666666 29.8 21 20 19 17 
25.009809666666666 354.76 21 20 18 16 17 
25.009809666666666 215.42999999999998 21 22 15 19 17 
25.009809666666666 0.01 21 22 15 10 17 

21 18 100.0
12.34 100.0 21 20 18 

21 19 400.0
17.5984515 61.94 21 20 19 
17.5984515 338.06 21 22 15 19 

21 20 1200.0
8.080032 1199.99 21 20 
8.080032 0.01 21 22 20 

21 22 1800.0
4.210128666666667 1799.98 21 22 
4.210128666666667 0.02 21 20 22 

21 23 700.0
15.640460857142857 699.78 21 24 23 
15.640460857142857 0.21 21 22 23 
15.640460857142857 0.01 21 20 22 23 

21 24 500.0
11.92 500.0 21 24 
11.92 0.0 21 20 22 23 24 

22 1 400.0
44.793482999999995 260.68 22 21 24 13 12 3 1 
44.793482999999995 139.32 22 23 24 13 12 3 1 

22 2 100.0
41.000979097909784 99.98 22 20 18 7 8 6 2 
41.000979097909784 0.0 22 20 18 16 8 6 2 
41.000979097909784 0.01 22 21 24 13 12 3 1 2 

22 3 100.0
40.783483000000004 65.17 22 21 24 13 12 3 
40.783483000000004 34.83 22 23 24 13 12 3 

22 4 400.0
40.58158753968849 399.72 22 15 10 9 5 4 
40.58158753968849 0.009999999999990905 22 15 14 11 4 
40.58158753968849 0.22 22 23 14 11 4 
40.58158753968849 0.03 22 21 24 13 12 3 4 
40.58158753968849 0.009999999999990905 22 20 18 7 8 6 5 4 
40.58158753968849 0.0 22 20 19 15 14 11 4 

22 5 200.0
38.260763499999996 199.98 22 15 10 9 5 
38.260763499999996 0.01 22 20 18 7 8 6 5 
38.260763499999996 0.01 22 21 24 13 12 3 4 5 

22 6 200.0
34.400317 199.99 22 20 18 7 8 6 
34.400317 0.009999999999990905 22 20 18 16 8 6 
34.400317 0.0 22 21 20 19 15 10 9 5 6 

22 7 500.0
14.03 500.0 22 20 18 7 

22 8 500.0
19.580253599999995 499.98 22 20 18 7 8 
19.580253599999995 0.01999999999998181 22 20 18 16 8 

22 9 700.0
28.59017857142857 699.99 22 15 10 9 
28.59017857142857 0.009999999999990905 22 20 19 15 10 9 

22 10 2600.0
22.870096153846156 2599.98 22 15 10 
22.870096153846156 0.01999999999998181 22 20 19 15 10 

22 11 1100.0
35.27464399999999 220.83 22 15 14 11 
35.27464399999999 393.26 22 23 14 11 
35.27464399999999 485.9 22 15 10 11 
35.27464399999999 0.01 22 20 19 15 10 9 5 4 11 

22 12 700.0
36.763483 456.19 22 21 24 13 12 
36.763483 243.81 22 23 24 13 12 

22 13 1300.0
33.743483 847.21 22 21 24 13 
33.743483 452.78999999999996 22 23 24 13 

22 14 1200.0
21.43 463.08 22 15 14 
21.43 736.92 22 23 14 

22 15 2600.0
9.060096153846153 2599.98 22 15 
9.060096153846153 0.02 22 20 19 15 

22 16 1200.0
15.140290250000001 1199.97 22 20 18 16 
15.140290250000001 0.009999999999990905 22 21 20 18 16 
15.140290250000001 0.02 22 15 19 17 16 

22 17 1700.0
20.80036329411765 1699.98 22 15 19 17 
20.80036329411765 0.02 22 20 19 15 10 17 

22 18 300.0
11.969999999999999 300.0 22 20 18 

22 19 1200.0
13.390031916666668 1199.99 22 15 19 
13.390031916666668 0.01 22 20 19 

22 20 2400.0
7.710038083333332 2399.98 22 20 
7.710038083333332 0.02 22 21 20 

22 21 1800.0
4.200129777777778 1799.98 22 21 
4.200129777777778 0.02 22 20 21 

22 23 2100.0
12.370675857142857 2099.81 22 23 
12.370675857142857 0.19 22 21 24 23 

22 24 1100.0
16.123482999999997 716.87 22 21 24 
16.123482999999997 383.13 22 23 24 

23 1 300.0
32.43 300.0 23 24 13 12 3 1 

23 3 100.0
28.42 100.0 23 24 13 12 3 

23 4 500.0
30.1214392 499.72 23 14 11 4 
30.1214392 0.28 23 24 13 12 3 4 

23 5 100.0
32.44128512851285 99.94 23 14 11 4 5 
32.44128512851285 0.05 23 24 13 12 3 4 5 
32.44128512851285 0.0 23 14 15 10 9 5 

23 6 100.0
42.441703 99.94 23 14 11 4 5 6 
42.441703 0.02 23 24 13 12 3 1 2 6 
42.441703 0.030000000000001137 23 24 13 12 3 4 5 6 
42.441703 0.01 23 22 20 18 7 8 6 

23 7 200.0
26.271092 199.94 23 22 20 18 7 
26.271092 0.06 23 24 21 20 18 7 

23 8 300.0
31.821303333333333 299.91 23 22 20 18 7 8 
31.821303333333333 0.07999999999998408 23 24 21 20 18 7 8 
31.821303333333333 0.009999999999990905 23 24 21 20 18 16 8 

23 9 500.0
40.828555 72.25 23 14 11 10 9 
40.828555 119.4 23 14 15 10 9 
40.828555 308.35 23 22 15 10 9 

23 10 1800.0
35.108555055555556 260.09 23 14 11 10 
35.108555055555556 429.86 23 14 15 10 
35.108555055555556 1110.05 23 22 15 10 

23 11 1300.0
22.900508923076924 1299.97 23 14 11 
22.900508923076924 0.01 23 24 13 12 3 4 11 
22.900508923076924 0.02 23 22 15 10 11 

23 12 700.0
24.400000000000002 700.0 23 24 13 12 

23 13 800.0
21.380000000000003 800.0 23 24 13 

23 14 1100.0
9.06 1100.0 23 14 

23 15 1000.0
21.3 325.39 23 14 15 
21.3 674.61 23 22 15 

23 16 500.0
27.381394600000007 499.84 23 22 20 18 16 
27.381394600000007 0.15 23 24 21 20 18 16 
27.381394600000007 0.01 23 22 15 19 17 16 

23 17 600.0
33.04030633333334 195.24 23 14 15 19 17 
33.04030633333334 404.75 23 22 15 19 17 
33.04030633333334 0.009999999999990905 23 22 15 10 17 

23 18 100.0
24.211092000000004 99.97 23 22 20 18 
24.211092000000004 0.03 23 24 21 20 18 

23 19 300.0
25.630000000000003 97.62 23 14 15 19 
25.630000000000003 202.38 23 22 15 19 

23 20 700.0
19.951092 699.79 23 22 20 
19.951092 0.21 23 24 21 20 

23 21 700.0
15.510212571428573 699.84 23 24 21 
15.510212571428573 0.16 23 22 21 

23 22 2100.0
12.24 2100.0 23 22 

23 24 700.0
3.76 700.0 23 24 

24 1 100.0
28.67 100.0 24 13 12 3 1 

24 4 200.0
28.93 200.0 24 13 12 3 4 

24 6 100.0
41.24707899999999 29.21 24 13 12 3 1 2 6 
41.24707899999999 70.78999999999999 24 13 12 3 4 5 6 
41.24707899999999 0.0 24 21 20 18 7 8 6 

24 7 100.0
26.150767999999992 99.98 24 21 20 18 7 
26.150767999999992 0.01999999999999602 24 23 22 20 18 7 

24 8 200.0
31.701084999999992 199.96 24 21 20 18 7 8 
31.701084999999992 0.030000000000001137 24 23 22 20 18 7 8 
31.701084999999992 0.009999999999990905 24 23 22 20 18 16 8 

24 9 200.0
40.90109399999999 199.94 24 13 12 3 4 5 9 
40.90109399999999 0.02 24 23 14 11 10 9 
40.90109399999999 0.02 24 23 14 15 10 9 
40.90109399999999 0.01 24 23 22 15 10 9 
40.90109399999999 0.009999999999999993 24 21 22 15 10 9 

24 10 800.0
38.82935887500001 51.29 24 23 14 11 10 
38.82935887500001 56.66 24 23 14 15 10 
38.82935887500001 200.49999999999997 24 23 22 15 10 
38.82935887500001 491.54999999999995 24 21 22 15 10 

24 11 600.0
26.620157333333335 599.99 24 23 14 11 
26.620157333333335 0.01 24 13 12 3 4 11 

24 12 500.0
20.64 500.0 24 13 12 

24 13 700.0
17.62 700.0 24 13 

24 14 400.0
12.780000000000001 400.0 24 23 14 

24 15 400.0
25.02 39.36 24 23 14 15 
25.02 109.11 24 23 22 15 
25.02 251.52999999999997 24 21 22 15 

24 16 300.0
27.26127233333333 299.94 24 21 20 18 16 
27.26127233333333 0.05 24 23 22 20 18 16 
27.26127233333333 0.009999999999990905 24 21 22 15 19 17 16 

24 17 300.0
36.759778992633095 6.63 24 21 20 19 17 
36.759778992633095 128.15 24 21 20 18 16 17 
36.759778992633095 21.6 24 23 14 15 19 17 
36.759778992633095 64.49 24 23 22 15 19 17 
36.759778992633095 79.12000000000002 24 21 22 15 19 17 
36.759778992633095 0.0 24 21 22 15 10 17 

24 19 100.0
29.349348 6.52 24 21 20 19 
29.349348 9.28 24 23 14 15 19 
29.349348 26.549999999999997 24 23 22 15 19 
29.349348 57.65 24 21 22 15 19 

24 20 400.0
19.830672 399.93 24 21 20 
19.830672 0.07 24 23 22 20 

24 21 500.0
11.75 500.0 24 21 

24 22 1100.0
15.96 374.77 24 23 22 
15.96 725.23 24 21 22 

24 23 700.0
3.72 700.0 24 23 

