OD PAIRS
init_node	term_node	demand
init_node	term_node	flow	travelTimeOnLink
19	10	4.85
19	46	4.85	0.0
46	47	4.85	1.3336189805272864
47	52	4.85	0.6667120386644463
50	51	4.85	3.333865919199706
51	138	4.85	4.667646154744524
52	53	4.85	3.667231186042807
53	54	4.85	0.6666682136515555
54	57	4.85	1.6669334596797907
57	50	4.85	2.0003197515517988
127	293	4.85	10.002742492545984
138	127	4.85	9.001888369729556
238	10	4.85	0.0
241	245	4.85	2.33397291483598
245	238	4.85	5.668221079200808
293	241	4.85	5.668221079200808

