OD PAIRS
init_node	term_node	demand
init_node	term_node	flow	travelTimeOnLink
1	2	22.59
1	269	22.59	0.0
13	206	7.570996783201709	0.0
20	209	7.570996783201709	0.0
21	205	22.59	0.0
25	214	7.570996783201709	0.0
204	2	15.019003216798291	0.0
205	13	7.570996783201709	0.0
205	204	15.019003216798291	14.668109833404266
206	25	7.570996783201709	0.0
209	2	7.570996783201709	0.0
214	215	7.570996783201709	14.436469103940187
215	20	7.570996783201709	0.0
266	350	22.59	14.171045285337806
269	266	22.59	5.003615993969833
349	21	22.59	0.0
350	349	22.59	12.399665288938346

