OD PAIRS
init_node	term_node	demand
init_node	term_node	flow	travelTimeOnLink
6	38	9.84
6	173	9.84	0.0
19	350	9.84	0.0
20	144	9.84	0.0
144	19	9.84	0.0
148	149	9.84	0.33544234933125044
149	317	9.84	0.6708857049905552
150	148	9.84	5.33400041193754
152	20	9.84	0.0
173	152	9.84	15.008742726297827
247	150	9.84	0.33612166878622973
311	314	9.84	4.025312217287222
314	38	9.84	0.0
315	316	9.84	1.3417704036530562
316	311	9.84	2.012656108643611
317	315	9.84	1.0063280543218056
350	247	9.84	14.060695241508629

