OD PAIRS
init_node	term_node	demand
init_node	term_node	flow	travelTimeOnLink
14	34	27.53
2	242	27.53	0.0
14	187	27.53	0.0
23	137	27.53	0.0
88	138	27.53	2.0459788409185453
131	23	27.53	0.0
137	139	27.53	19.78296074196407
138	131	27.53	4.432953814327041
139	34	27.53	0.0
187	2	27.53	0.0
214	215	27.53	1.0124091165827644
215	216	27.53	2.7758539477731157
216	222	27.53	10.40945100296781
221	88	27.53	7.086863816079351
222	221	27.53	3.374696717806176
241	214	27.53	41.714474184996526
242	241	27.53	12.514341629781876

