OD PAIRS
init_node	term_node	demand
init_node	term_node	flow	travelTimeOnLink
19	14	1.76
17	142	1.76	0.0
19	46	1.76	0.0
46	47	1.76	1.3336186768177396
47	141	1.76	2.0000029670967203
141	150	1.76	5.0000074177418
142	143	1.76	0.3334393540820105
143	258	1.76	1.7440394264148469
147	160	1.76	12.666685791613057
149	17	1.76	0.0
150	147	1.76	3.666672439677815
160	149	1.76	8.666679857419616
258	354	1.76	10.813041932355778
260	14	1.76	0.0
353	358	1.76	9.905344423707751
354	353	1.76	1.0464234465642188
358	260	1.76	12.979416725062837

