OD PAIRS
init_node	term_node	demand
init_node	term_node	flow	travelTimeOnLink
14	22	24.86
2	242	24.86	0.0
14	187	24.86	0.0
23	137	24.86	0.0
88	138	24.86	2.0460438192764756
131	23	24.86	0.0
137	139	24.86	19.783191568450185
138	131	24.86	4.433094600758394
139	22	24.86	0.0
187	2	24.86	0.0
214	215	24.86	1.012426653432385
215	216	24.86	2.7759684217620757
216	222	24.86	10.40988028037275
221	88	24.86	7.086986574026694
222	221	24.86	3.374755173965732
241	214	24.86	41.611203767200045
242	241	24.86	12.483360505991987

