OD PAIRS
init_node	term_node	demand
init_node	term_node	flow	travelTimeOnLink
22	15	6.21
21	131	1.6747553669128106	0.0
22	139	6.21	0.0
24	99	1.6747553669128106	0.0
34	160	6.21	0.0
94	95	4.535244633087189	1.342376285143236
95	124	6.21	10.415228432524042
99	103	1.6747553669128106	2.8448673362149792
103	95	1.6747553669128106	16.03205570513559
124	15	6.21	0.0
131	24	1.6747553669128106	0.0
136	21	1.6747553669128106	0.0
136	94	4.535244633087189	17.551132478637822
139	34	6.21	0.0
160	136	6.21	18.19092559387471

