OD PAIRS
init_node	term_node	demand
init_node	term_node	flow	travelTimeOnLink
28	15	1.67
21	136	0.2576155730865463	0.0
24	99	0.339714417378922	0.0
24	131	0.2576155730865463	0.0
28	107	1.6699999999999997	0.0
94	95	0.2576155730865463	1.342318906518986
95	124	1.6699999999999997	10.416705873968247
97	24	0.5973299904654684	0.0
98	97	0.5973299904654684	2.144549577988183
98	103	1.0726700095345314	5.004540907875903
99	103	0.339714417378922	2.8520583679883083
103	95	1.4123844269134538	16.03365066288885
105	98	1.6699999999999997	5.12245582623716
107	105	1.6699999999999997	0.6678253997113803
124	15	1.6699999999999997	0.0
131	21	0.2576155730865463	0.0
136	94	0.2576155730865463	17.549750565511275

