OD PAIRS
init_node	term_node	demand
init_node	term_node	flow	travelTimeOnLink
4	5	72.25
4	153	40.50128551066438	0.0
4	156	31.74871448933562	0.0
153	194	40.50128551066438	4.3281378629451375
156	339	31.74871448933562	14.668055791286147
170	5	31.74871448933562	0.0
172	170	31.74871448933562	19.000029423080807
181	5	40.50128551066438	0.0
194	196	40.50128551066438	7.574241260153991
196	233	40.50128551066438	1.4427122603035574
233	306	40.50128551066438	1.7145341615666638
306	322	40.50128551066438	7.769671419101916
322	181	40.50128551066438	15.892510443277121
339	172	31.74871448933562	5.667203578470835

