OD PAIRS
init_node	term_node	demand
init_node	term_node	flow	travelTimeOnLink
11	3	1.5
8	121	1.5	0.0
11	27	1.5	0.0
16	155	1.5	0.0
19	46	1.5	0.0
27	28	1.5	3.6673122948817283
28	109	1.5	10.000117451976653
46	47	1.5	1.33361780079335
47	52	1.5	0.6667117907863898
48	49	1.5	3.001399485772045
49	19	1.5	0.0
52	53	1.5	3.6672286574818864
53	263	1.5	6.000341767310486
109	134	1.5	12.333477857433957
121	128	1.5	10.024052936713343
128	131	1.5	0.669607510991439
131	48	1.5	21.013978863284454
134	8	1.5	0.0
155	3	1.5	0.0
263	272	1.5	13.334092482893203
272	280	1.5	12.385994564716292
280	283	1.5	2.0451908529739984
283	285	1.5	4.772112331137805
285	16	1.5	0.0

