OD PAIRS
init_node	term_node	demand
init_node	term_node	flow	travelTimeOnLink
25	15	13.75
2	219	13.75	0.0
13	205	9.241546089008212	0.0
20	209	4.508453910991789	0.0
25	206	9.241546089008212	0.0
25	214	4.508453910991789	0.0
204	2	9.241546089008212	0.0
205	204	9.241546089008212	14.668043929072285
206	13	9.241546089008212	0.0
207	323	13.75	4.673457894258302
208	207	13.75	7.005498332984246
209	2	4.508453910991789	0.0
214	215	4.508453910991789	14.527371721752
215	20	4.508453910991789	0.0
219	325	13.75	6.00873114913702
323	15	13.75	0.0
325	208	13.75	11.683644234918159

