OD PAIRS
init_node	term_node	demand
init_node	term_node	flow	travelTimeOnLink
24	2	50.95
14	187	50.95	0.0
15	122	50.95	0.0
21	136	39.373026997962185	0.0
24	99	11.57697300203782	0.0
24	131	39.373026997962185	0.0
94	95	39.373026997962185	1.3426419652909223
95	124	50.95	10.417605752334245
99	103	11.57697300203782	2.7797489189408586
103	95	11.57697300203782	16.018974737550508
122	14	50.95	0.0
124	15	50.95	0.0
131	21	39.373026997962185	0.0
136	94	39.373026997962185	17.55753114867133
187	2	50.95	0.0

