OD PAIRS
init_node	term_node	demand
init_node	term_node	flow	travelTimeOnLink
23	31	13.23
15	122	13.23	0.0
23	131	2.9609959057584327	0.0
23	136	10.269004094241568	0.0
24	99	2.9609959057584327	0.0
94	95	10.269004094241568	1.3424093624261244
95	124	13.23	10.415292645068753
99	103	2.9609959057584327	2.837168328143371
103	95	2.9609959057584327	16.030514955104124
110	31	13.23	0.0
122	110	13.23	17.437304093715788
124	15	13.23	0.0
131	24	2.9609959057584327	0.0
136	94	10.269004094241568	17.551929115573824

