OD PAIRS
init_node	term_node	demand
init_node	term_node	flow	travelTimeOnLink
34	2	20.66
14	187	20.66	0.0
15	122	20.66	0.0
21	131	4.74682336804923	0.0
24	99	4.74682336804923	0.0
34	160	20.66	0.0
94	95	15.913176631950769	1.3424384759266537
95	124	20.66	10.416673743380896
99	103	4.74682336804923	2.8241184963336874
103	95	4.74682336804923	16.02789984897837
122	14	20.66	0.0
124	15	20.66	0.0
131	24	4.74682336804923	0.0
136	21	4.74682336804923	0.0
136	94	15.913176631950769	17.5526302883375
160	136	20.66	18.191372182947653
187	2	20.66	0.0

