OD PAIRS
init_node	term_node	demand
init_node	term_node	flow	travelTimeOnLink
1	20	10.2
1	269	10.2	0.0
2	209	6.706184851723238	0.0
13	206	3.493815148276761	0.0
21	205	10.2	0.0
25	214	3.493815148276761	0.0
204	2	6.706184851723238	0.0
205	13	3.493815148276761	0.0
205	204	6.706184851723238	14.668008481231752
206	25	3.493815148276761	0.0
209	20	6.706184851723238	0.0
214	215	3.493815148276761	14.558264875042772
215	20	3.493815148276761	0.0
266	350	10.2	14.168148781891412
269	266	10.2	5.003577924784831
349	21	10.2	0.0
350	349	10.2	12.397130848286977

