OD PAIRS
init_node	term_node	demand
init_node	term_node	flow	travelTimeOnLink
5	8	2.39
5	273	2.39	0.0
50	51	2.39	3.3338695846602575
51	138	2.39	4.667653497353159
54	57	2.39	1.6669352924106162
57	50	2.39	2.0003219508283494
116	117	2.39	2.00053123095714
117	8	2.39	0.0
119	116	2.39	1.0000061417812889
122	360	2.39	2.3334761093522784
127	129	2.39	0.6667078884126506
129	122	2.39	10.667321214295747
138	127	2.39	9.00190253047377
262	54	2.39	11.000364163839626
273	262	2.39	6.667075883942509
360	119	2.39	5.333365756164826

