OD PAIRS
init_node	term_node	demand
init_node	term_node	flow	travelTimeOnLink
12	15	1.14
12	135	1.14	0.0
21	131	0.4676637504088496	0.0
24	99	0.4676637504088496	0.0
25	139	1.14	0.0
34	160	1.14	0.0
94	95	0.6723362495911503	1.3423375017025798
95	124	1.14	10.41500370582443
99	103	0.4676637504088496	2.8534440837765827
103	95	0.4676637504088496	16.033770301937736
124	15	1.14	0.0
131	24	0.4676637504088496	0.0
135	25	1.14	0.0
136	21	0.4676637504088496	0.0
136	94	0.6723362495911503	17.550198413967642
139	34	1.14	0.0
160	136	1.14	18.190856194777286

