OD PAIRS
init_node	term_node	demand
init_node	term_node	flow	travelTimeOnLink
25	14	5.29
15	122	5.29	0.0
21	131	1.2164248534346742	0.0
24	99	1.2164248534346742	0.0
25	139	5.29	0.0
34	160	5.29	0.0
94	95	4.073575146565326	1.3423555198458796
95	124	5.29	10.415485295813632
99	103	1.2164248534346742	2.8507237415277213
103	95	1.2164248534346742	16.031066041273824
122	14	5.29	0.0
124	15	5.29	0.0
131	24	1.2164248534346742	0.0
136	21	1.2164248534346742	0.0
136	94	4.073575146565326	17.55063236492181
139	34	5.29	0.0
160	136	5.29	18.191004930301904

