OD PAIRS
init_node	term_node	demand
init_node	term_node	flow	travelTimeOnLink
13	15	25.96
2	219	25.96	0.0
13	205	17.361590948293124	0.0
13	206	8.598409051706877	0.0
20	209	8.598409051706877	0.0
25	214	8.598409051706877	0.0
204	2	17.361590948293124	0.0
205	204	17.361590948293124	14.668118123301745
206	25	8.598409051706877	0.0
207	323	25.96	4.673412230177536
208	207	25.96	7.005461360486675
209	2	8.598409051706877	0.0
214	215	8.598409051706877	14.406762204438195
215	20	8.598409051706877	0.0
219	325	25.96	6.008746805873674
323	15	25.96	0.0
325	208	25.96	11.683674678573633

