OD PAIRS
init_node	term_node	demand
init_node	term_node	flow	travelTimeOnLink
4	11	79.1
4	153	79.1	0.0
37	162	59.66047347074225	0.0
37	292	19.439526529257748	0.0
153	194	79.1	4.356703299488502
161	37	79.1	0.0
162	163	59.66047347074225	20.820667042650705
163	236	79.1	3.6348636540956365
185	161	79.1	16.220107325719866
188	189	79.1	2.736930059745343
189	185	79.1	9.579253669585734
194	196	79.1	7.624230774104879
196	233	79.1	1.4522340701042258
233	188	79.1	6.158091864665538
236	11	79.1	0.0
292	163	19.439526529257748	20.320688819339246

