OD PAIRS
init_node	term_node	demand
init_node	term_node	flow	travelTimeOnLink
15	1	27.61
2	243	17.291535582385844	0.0
2	245	5.521924463046462	0.0
14	187	27.609999999999996	0.0
15	122	27.609999999999996	0.0
122	14	27.609999999999996	0.0
165	183	17.291535582385844	25.531494418825833
183	1	27.609999999999996	0.0
187	2	22.81346004543231	0.0
187	190	4.796539954567683	14.298597519109904
190	183	10.31846441761414	29.736590663944693
239	165	17.291535582385844	1.3136781957432533
240	239	17.291535582385844	12.479935962753826
243	240	17.291535582385844	4.597870729326924
245	190	5.521924463046462	14.410162750295452

