OD PAIRS
init_node	term_node	demand
init_node	term_node	flow	travelTimeOnLink
38	6	7.92
19	144	7.92	0.0
38	314	7.92	0.0
144	173	7.92	13.000080673761136
146	19	7.92	0.0
147	275	7.92	0.3333364289946505
149	147	7.92	10.334102115556684
173	6	7.92	0.0
275	276	7.92	2.0000767886047344
276	277	7.92	0.333345798087991
277	146	7.92	1.3333841923903582
311	312	7.92	1.672939994926033
312	316	7.92	1.338351393682549
314	311	7.92	5.018818981014304
315	317	7.92	4.349642782291131
316	315	7.92	2.0075275924057214
317	149	7.92	1.0037637962028607

