OD PAIRS
init_node	term_node	demand
init_node	term_node	flow	travelTimeOnLink
25	3	11.99
2	221	11.99	0.0
13	205	7.989073055004788	0.0
20	209	4.0009269449952125	0.0
25	206	7.989073055004788	0.0
25	214	4.0009269449952125	0.0
195	3	11.99	0.0
204	2	7.989073055004788	0.0
205	204	7.989073055004788	14.668038052365512
206	13	7.989073055004788	0.0
209	2	4.0009269449952125	0.0
214	215	4.0009269449952125	14.54278653509716
215	20	4.0009269449952125	0.0
221	222	11.99	1.1215826712825363
222	223	11.99	5.939350717221531
223	224	11.99	2.8039558370197577
224	195	11.99	15.702148986089679

