OD PAIRS
init_node	term_node	demand
init_node	term_node	flow	travelTimeOnLink
23	15	27.81
22	355	27.81	0.0
23	352	27.81	0.0
194	200	27.81	5.147599744727183
198	199	27.81	1.0681308191738161
199	194	27.81	2.1175914297314424
200	282	27.81	4.360302286804839
279	318	27.81	3.337266072066224
281	279	27.81	1.3349062285905053
282	289	27.81	9.744450634609354
284	281	27.81	5.7122643041567365
289	284	27.81	4.0321863304526175
310	198	27.81	16.054650577750973
318	15	27.81	0.0
352	22	27.81	0.0
355	310	27.81	10.550199108363538

