OD PAIRS
init_node	term_node	demand
init_node	term_node	flow	travelTimeOnLink
17	26	11.87
17	142	11.87	0.0
31	34	11.87	0.6666683626003151
34	361	11.87	11.010662998201163
36	31	11.87	2.3333377690980375
39	36	11.87	1.3333401774129294
43	44	11.87	0.6666670371327011
44	45	11.87	1.3333330400865846
45	67	11.87	27.666667831796847
58	26	11.87	0.0
67	58	11.87	2.0000000601298917
142	145	11.87	6.333956171215225
145	153	11.87	12.666778989626478
153	154	11.87	5.00004420643034
154	39	11.87	0.6666701815389348
361	43	11.87	14.000000420909242

