OD PAIRS
init_node	term_node	demand
init_node	term_node	flow	travelTimeOnLink
3	20	67.93
2	209	18.026045297429782	0.0
3	161	49.903954702570225	0.0
3	195	18.026045297429782	0.0
161	211	49.903954702570225	9.69654852149958
195	201	18.026045297429782	8.362033020580654
201	228	18.026045297429782	0.33448099972114537
209	20	18.026045297429782	0.0
210	325	49.903954702570225	7.744127625303902
211	210	49.903954702570225	13.689470494382753
221	2	18.026045297429782	0.0
225	221	18.026045297429782	7.273206787567339
227	225	18.026045297429782	22.78938175259145
228	227	18.026045297429782	2.9092827150269356
324	20	49.903954702570225	0.0
325	324	49.903954702570225	10.576410550966758

