OD PAIRS
init_node	term_node	demand
init_node	term_node	flow	travelTimeOnLink
11	16	1.55
8	121	1.55	0.0
11	27	1.55	0.0
19	46	1.55	0.0
27	28	1.55	3.6673126951576758
28	109	1.55	10.000117619257349
46	47	1.55	1.3336179691028929
47	52	1.55	0.6667118261347448
48	49	1.55	3.0014001660835214
49	19	1.55	0.0
52	53	1.55	3.667229018183477
53	263	1.55	6.0003420952627815
109	134	1.55	12.33347806374681
121	128	1.55	10.024061988954562
128	131	1.55	0.6696084619591286
131	48	1.55	21.013986117024086
134	8	1.55	0.0
263	272	1.55	13.334093211676064
272	280	1.55	12.386011734399391
280	283	1.55	2.0452005669977638
283	285	1.55	4.772134997194877
285	16	1.55	0.0

