OD PAIRS
init_node	term_node	demand
init_node	term_node	flow	travelTimeOnLink
31	18	3.55
31	141	3.55	0.0
33	273	1.6123725224664507	0.0
39	33	1.6123725224664507	0.0
41	39	1.6123725224664507	1.0252916764547066
42	41	1.6123725224664507	1.0140056474990655
49	18	1.6123725224664507	0.0
141	154	3.55	15.156960283749466
154	42	1.6123725224664507	27.29444247782428
154	155	1.9376274775335491	1.0000061981847705
155	210	1.9376274775335491	3.0000185945543114
206	230	1.9376274775335491	5.338007030767123
210	206	1.9376274775335491	24.333483822494017
230	18	1.9376274775335491	0.0
273	49	1.6123725224664507	4.264777771071935

