OD PAIRS
init_node	term_node	demand
init_node	term_node	flow	travelTimeOnLink
38	33	17.63
8	145	17.63	0.0
38	314	17.63	0.0
145	151	17.63	0.8649377650794439
147	326	17.63	0.7656215890685233
149	147	17.63	10.334111960998053
151	174	17.63	10.506566321177923
174	33	17.63	0.0
311	312	17.63	1.6730202954780462
312	316	17.63	1.338415634095251
314	311	17.63	5.019059882622162
315	317	17.63	4.349851563668548
316	315	17.63	2.007623953048865
317	149	17.63	1.0038119765244324
325	8	17.63	0.0
326	325	17.63	7.656212445389805

