OD PAIRS
init_node	term_node	demand
init_node	term_node	flow	travelTimeOnLink
29	69	7.654282
22	21	7.654282	0.1058174814995503
21	23	7.654282	0.06707883717254011
29	22	7.654282	0.09922069820651037
23	24	7.654282	0.03687576412173739
24	33	7.654282	0.21106214509268875
33	32	2.4619326969519557	0.09835544505655666
34	32	0.5092996829914321	0.027498599835393628
32	60	2.971232379943388	0.11365507088227784
33	34	5.1923493030480445	0.07084831799503248
34	60	4.683049620056612	0.1411612268212375
60	69	7.654282	0.19317267387386317

