OD PAIRS
init_node	term_node	demand
init_node	term_node	flow	travelTimeOnLink
39	60	5.028408
26	24	5.028408	0.015701797632375895
24	33	5.028408	0.21103710432092412
28	26	5.028408	0.023288042850786464
37	28	5.028408	0.1225268320075856
33	32	1.5451827598238408	0.09835541505386648
34	32	0.4586124569661238	0.02749928824852389
32	60	2.003795216789965	0.11365527310886192
33	34	3.483225240176159	0.07084922273797395
34	60	3.0246127832100345	0.14116087618440434
38	37	5.028408	0.054248705569432
39	38	5.028408	0.048786414387536704

