OD PAIRS
init_node	term_node	demand
init_node	term_node	flow	travelTimeOnLink
39	65	4.787765
26	24	4.787765	0.015701813393437434
24	33	4.787765	0.2110674871855958
28	26	4.787765	0.02328803381957566
37	28	4.787765	0.1225267931714306
33	32	1.408189489202285	0.09835541059428381
34	32	0.5792160230417706	0.027499375755556933
32	60	1.9874055122440555	0.113655171321551
33	34	3.379575510797714	0.07084890032273043
34	60	2.800359487755944	0.14116128932910207
38	37	4.787765	0.05424886917728553
39	38	4.787765	0.048786386245384214
60	63	4.787765	0.17877250896187522
63	65	4.787765	0.027491247157314623

