OD PAIRS
init_node	term_node	demand
init_node	term_node	flow	travelTimeOnLink
30	23	658.05059
20	21	518.5724203194886	0.3068758554312779
30	20	518.5724203194886	0.18741997570089958
21	23	518.5724203194886	0.06709230256607007
24	23	0.09166455360353798	0.035820553510661504
31	23	139.38650512690685	0.5089466158650507
33	24	0.09166455360353798	0.29488211489494537
30	31	139.4781696805103	0.03284867474028522
31	32	0.09166455360353798	0.0652999482740146
32	34	0.09166455360353798	0.09473737025072416
34	33	0.09166455360353798	0.0734314304754286

