OD PAIRS
init_node	term_node	demand
init_node	term_node	flow	travelTimeOnLink
50	2	9.282696
3	2	9.282696	0.15904347611299338
6	3	9.282696	0.1078397988037184
8	6	9.282696	0.038777933302458906
16	8	9.282696	0.1768587301191815
22	16	9.282696	0.048691413365596875
29	22	9.282696	0.09921278736328963
41	29	9.282696	0.08552533887785213
39	40	9.282696	0.018788404146699286
48	39	9.282696	0.25515068170345095
40	41	9.282696	0.05342800869016314
49	48	9.282696	0.24450656633152973
50	49	9.282696	0.18841530385221344

