OD PAIRS
init_node	term_node	demand
init_node	term_node	flow	travelTimeOnLink
40	62	4.787765
26	24	4.787765000000001	0.015701813393437434
24	33	4.787765000000001	0.2110674871855958
28	26	4.787765000000001	0.02328803381957566
37	28	4.787765000000001	0.1225267931714306
33	32	1.408189489229745	0.09835541059428381
34	32	0.5792160230177833	0.027499375755556915
32	60	1.9874055122475287	0.11365517132155102
33	34	3.379575510770255	0.07084890032273035
34	60	2.800359487752472	0.14116128932910207
38	37	4.787765000000001	0.05424886917728553
39	38	4.787765000000001	0.048786386245384214
40	39	4.787765000000001	0.019863124964088347
60	63	4.787765000000001	0.17877250896187522
63	62	4.787765000000001	0.05824689789564503

