OD PAIRS
init_node	term_node	demand
init_node	term_node	flow	travelTimeOnLink
64	23	10.979506
24	23	10.979506000000006	0.0358205471204477
33	24	10.979506000000006	0.29493506002841213
32	33	2.3359465583959693	0.16811312233172993
32	34	1.8738689418978958	0.09472759358285696
60	32	4.209815500293864	0.11270902472516116
34	33	8.643559441604035	0.07344833794824474
60	34	6.769690499706137	0.20755460907687412
63	60	10.979506000000006	0.1406648142494184
65	63	10.979506000000006	0.02867442058420785
64	65	10.979506000000006	0.08270688258487276

