OD PAIRS
init_node	term_node	demand
init_node	term_node	flow	travelTimeOnLink
22	64	2.091389
22	21	2.091389	0.10581857132239124
21	23	2.091389	0.06707891243787527
23	24	2.091389	0.036875859240800696
24	33	2.091389	0.21103962360950262
33	32	0.46365562236519786	0.09835538001445733
34	32	0.30356937823858826	0.02749990156111004
32	60	0.7672250006037862	0.11366001776985325
33	34	1.627733377634802	0.07085278451048473
34	60	1.3241639993962138	0.14116103566054294
60	63	2.091389	0.17879431993373404
63	65	2.091389	0.027492165145342636
65	64	2.091389	0.08416295242872239

