OD PAIRS
init_node	term_node	demand
init_node	term_node	flow	travelTimeOnLink
14	63	2.007117
14	22	2.007117	0.15320944966342356
22	21	2.007117	0.1058183611662359
21	23	2.007117	0.06707889792414738
23	24	2.007117	0.036875840899503944
24	33	2.007117	0.21103625269163925
33	32	0.37710481765300363	0.0983553772269514
34	32	0.40954075710164994	0.027499978518759863
32	60	0.7866455747546536	0.11366013855480211
33	34	1.6300121823469964	0.07085279160524982
34	60	1.2204714252453466	0.1411609804480822
60	63	2.007117	0.17878826539179998

