OD PAIRS
init_node	term_node	demand
init_node	term_node	flow	travelTimeOnLink
50	57	121.442833
34	32	30.64358054529389	0.027485771100538018
32	60	30.64358054529389	0.11353118914128624
35	34	121.442833	0.1292064171739982
34	60	90.7992524547061	0.1411721100580127
36	35	121.442833	0.09651806133840118
44	36	121.442833	0.10746585487302619
46	44	121.442833	0.045648158958031
47	46	121.442833	0.04008981360916903
74	47	121.442833	0.0797366823338666
49	48	121.442833	0.24450693856912356
48	74	121.442833	0.1114774811506464
50	49	121.442833	0.1884153377436587
59	57	121.442833	0.2638794678993185
60	59	121.442833	0.13177996884708876

