OD PAIRS
init_node	term_node	demand
init_node	term_node	flow	travelTimeOnLink
36	12	14.326261
9	12	14.326261	0.14420086840508883
13	9	14.326261	0.06520352058070311
14	13	14.326261	0.12506610945104113
22	14	14.326261	0.14643718332233663
29	22	14.326261	0.0992137144431558
41	29	14.326261	0.08552537599397897
36	44	14.326261	0.11612747381896454
38	39	14.326261	0.05042721282809906
42	38	14.326261	0.10107969517280849
39	40	14.326261	0.018788406109480852
40	41	14.326261	0.053428035079363494
43	42	14.326261	0.08694769487514957
44	43	14.326261	0.0692909785700983

