OD PAIRS
init_node	term_node	demand
init_node	term_node	flow	travelTimeOnLink
38	67	4.906394
26	24	4.906393999999999	0.0157018158572346
24	33	4.906393999999999	0.2110322240082012
28	26	4.906393999999999	0.023288038271315495
37	28	4.906393999999999	0.1225268123143955
33	32	1.4887069420086765	0.09835541321464343
34	32	0.5195274049657721	0.027499332445558557
32	60	2.0082343469744486	0.11365530067835454
33	34	3.4176870579913228	0.0708490188705246
34	60	2.898159653025551	0.14116134144987919
38	37	4.906393999999999	0.054248894753894855
60	67	4.906393999999999	0.12635030083095344

