OD PAIRS
init_node	term_node	demand
init_node	term_node	flow	travelTimeOnLink
29	61	1.932233
22	21	1.932233	0.10581817443930945
21	23	1.932233	0.06707888502845047
29	22	1.932233	0.09920533317148317
23	24	1.932233	0.036875824602582256
24	33	1.932233	0.21103325747825089
33	32	0.3464969870530731	0.09835537624176399
34	32	0.4094754975393153	0.027499978471364987
32	60	0.7559724845923883	0.1136599477875768
33	34	1.5857360129469271	0.07085265375923053
34	60	1.1762605154076118	0.14116095691006117
60	61	1.932233	0.6501774121331286

