OD PAIRS
init_node	term_node	demand
init_node	term_node	flow	travelTimeOnLink
38	66	4.787765
26	24	4.787765000000001	0.015701813393437434
24	33	4.787765000000001	0.2110674871855958
28	26	4.787765000000001	0.02328803381957566
37	28	4.787765000000001	0.1225267931714306
33	32	1.408189489222675	0.09835541059428381
34	32	0.5792160230202165	0.027499375755556915
32	60	1.9874055122428913	0.113655171321551
33	34	3.379575510777325	0.07084890032273036
34	60	2.8003594877571087	0.14116128932910207
38	37	4.787765000000001	0.05424886917728553
60	63	4.787765000000001	0.17877250896187522
63	65	4.787765000000001	0.027491247157314623
65	66	4.787765000000001	0.08840037555301229

