OD PAIRS
init_node	term_node	demand
init_node	term_node	flow	travelTimeOnLink
14	69	9.568677
14	22	9.568677000000001	0.15321056650669707
22	21	9.568677000000001	0.10581726812975867
21	23	9.568677000000001	0.06707882243668523
23	24	9.568677000000001	0.03687574549744567
24	33	9.568677000000001	0.21105871939812873
33	32	3.0726156407899974	0.0983554651970666
34	32	0.6155703859119193	0.027497952354268447
32	60	3.6881860267019153	0.11365331357924516
33	34	6.496061359210002	0.0708461530435488
34	60	5.880490973298083	0.14116133203311046
60	69	9.568677000000001	0.19317234638929187

