OD PAIRS
init_node	term_node	demand
init_node	term_node	flow	travelTimeOnLink
30	24	658.05059
20	21	104.5420806170336	0.3074369701287716
30	20	104.5420806170336	0.18742469915932022
21	23	104.5420806170336	0.0670978223706381
23	24	111.34649573905308	0.03690103710873496
31	23	6.80441512201955	0.5289987622594159
33	24	546.7040942609466	0.28854694458632174
30	31	553.5085093829657	0.03283210866796854
31	32	546.7040942609466	0.06488151655289821
32	33	233.19306959043033	0.16344853129236678
32	34	313.51102467051686	0.09267017909161471
34	33	313.51102467051686	0.07321327626756752

