OD PAIRS
init_node	term_node	demand
init_node	term_node	flow	travelTimeOnLink
60	26	117.686596
24	26	32.726998258199174	0.02387192148376512
33	24	32.726998258199174	0.29444359787566565
27	26	27.91217894380282	0.07104245002649093
28	26	57.047418797998034	0.023289347770825756
27	28	57.047418797998034	0.04953846825913592
33	27	84.95959774180076	0.24610447184107767
32	33	29.397599673411154	0.1664625623098159
32	34	17.088334307559446	0.09402178430325984
60	32	46.48593398097059	0.11239324839394696
34	33	88.28899632658884	0.07355221677485592
60	34	71.20066201902945	0.2075568612776739

