OD PAIRS
init_node	term_node	demand
init_node	term_node	flow	travelTimeOnLink
26	64	42.32433
26	24	42.32433000000002	0.015701803772423247
24	33	42.32433000000002	0.21104894247181208
33	32	13.698165655975112	0.09835583595622661
34	32	0.5608399891998842	0.027488563380920088
32	60	14.259005645175003	0.11363826976796779
33	34	28.62616434402488	0.07081558420612671
34	60	28.065324354824995	0.14116303353446055
60	63	42.32433000000002	0.17881105892753246
63	65	42.32433000000002	0.02749286981851499
65	64	42.32433000000002	0.0841630353332905

