OD PAIRS
init_node	term_node	demand
init_node	term_node	flow	travelTimeOnLink
39	64	4.787765
26	24	4.787765000000001	0.015701813393437434
24	33	4.787765000000001	0.2110674871855958
28	26	4.787765000000001	0.02328803381957566
37	28	4.787765000000001	0.1225267931714306
33	32	1.3722542061160181	0.0983554094254951
34	32	0.6445792528685121	0.02749942318614902
32	60	2.0168334589845305	0.1136553540843164
33	34	3.415510793883981	0.07084901210106107
34	60	2.77093154101547	0.1411612736475459
38	37	4.787765000000001	0.05424886917728553
39	38	4.787765000000001	0.048786386245384214
60	63	4.787765000000001	0.17877250896187522
63	65	4.787765000000001	0.027491247157314623
65	64	4.787765000000001	0.08416320062836731

