OD PAIRS
init_node	term_node	demand
init_node	term_node	flow	travelTimeOnLink
36	1	76.614241
3	1	76.614241	0.24029722155541494
6	3	76.614241	0.10783991861787018
8	6	76.614241	0.03877800058229089
11	8	76.614241	0.08520829557759778
10	11	76.614241	0.026280469045147525
20	10	76.614241	0.16951810138544
30	20	76.614241	0.1874092243848806
31	30	76.614241	0.03299860782915798
32	31	76.614241	0.060369000860208626
34	32	76.614241	0.027500127198605232
35	34	76.614241	0.12920646215890733
36	35	76.614241	0.09651806556941288

