OD PAIRS
init_node	term_node	demand
init_node	term_node	flow	travelTimeOnLink
54	58	10.843154
34	32	2.816708975819105	0.02749882268454762
32	60	2.816708975819105	0.11364790876609977
35	34	10.843153999999998	0.1292065222576607
34	60	8.026445024180894	0.14116194331046514
36	35	10.843153999999998	0.09651807122400634
44	36	10.843153999999998	0.10746600964724266
46	44	10.843153999999998	0.04564810648859883
54	46	10.843153999999998	0.15390927626445272
59	58	10.843153999999998	0.13608338689704128
60	59	10.843153999999998	0.1317873496463545

