OD PAIRS
init_node	term_node	demand
init_node	term_node	flow	travelTimeOnLink
29	67	1.959887
22	21	1.959887	0.10581824339398753
21	23	1.959887	0.06707888979058767
29	22	1.959887	0.09920592111446783
23	24	1.959887	0.03687583062076738
24	33	1.959887	0.2110343635643549
33	32	0.4094645915529184	0.09835537826886247
34	32	0.3066599849154107	0.027499903805423904
32	60	0.716124576468329	0.11365969997495975
33	34	1.5504224084470815	0.0708525438197972
34	60	1.243762423531671	0.14116099284891753
60	67	1.959887	0.12635036839684016

