OD PAIRS
init_node	term_node	demand
init_node	term_node	flow	travelTimeOnLink
38	59	5.028408
26	24	5.028408	0.015701797632375895
24	33	5.028408	0.21103710432092412
28	26	5.028408	0.023288042850786464
37	28	5.028408	0.1225268320075856
33	32	1.5228453161859041	0.09835541432628718
34	32	0.49815610493436197	0.027499316939223067
32	60	2.0210014211202663	0.11365537997032159
33	34	3.5055626838140954	0.0708492922245707
34	60	3.007406578879733	0.14116086702631553
38	37	5.028408	0.054248705569432
60	59	5.028408	0.13179076711016766

