OD PAIRS
init_node	term_node	demand
init_node	term_node	flow	travelTimeOnLink
63	26	10.979506
24	26	3.0488263337703785	0.023873323345605588
33	24	3.0488263337703785	0.294879560735933
27	26	3.227143907898512	0.07259639410518412
28	26	4.703535758331109	0.023288143434071935
27	28	4.703535758331109	0.04952754237581608
33	27	7.930679666229619	0.24599661893502234
32	33	2.336374844274107	0.16811315638729127
32	34	1.874091492625925	0.09472760357244231
60	32	4.210466336900032	0.11270903049070506
34	33	8.643131155725891	0.07344833590720345
60	34	6.769039663099967	0.2075546090392733
63	60	10.979505999999999	0.1406648142494184

