OD PAIRS
init_node	term_node	demand
init_node	term_node	flow	travelTimeOnLink
29	65	1.949547
22	21	1.9495469999999997	0.10581821761114685
21	23	1.9495469999999997	0.0670788880099776
29	22	1.9495469999999997	0.09920570127406646
23	24	1.9495469999999997	0.03687582837051408
24	33	1.9495469999999997	0.2110339499892775
33	32	0.3536068622076985	0.0983553764705853
34	32	0.40946095740702293	0.027499978460805184
32	60	0.7630678196147214	0.11365999191511114
33	34	1.5959401377923013	0.07085268552756867
34	60	1.1864791803852783	0.14116096235036812
60	63	1.9495469999999997	0.1787841296251985
63	65	1.9495469999999997	0.027491736223268733

