OD PAIRS
init_node	term_node	demand
init_node	term_node	flow	travelTimeOnLink
30	26	658.05059
24	26	188.36130002255445	0.023865635261520655
33	24	188.36130002255445	0.29247169211695656
27	26	163.83866902448574	0.06498435302931613
28	26	305.8506209529597	0.023295327890834727
27	28	305.8506209529597	0.04961551998065754
33	27	469.6892899774456	0.24663924310493873
30	31	658.0505900000002	0.032893320348756284
31	32	658.0505900000002	0.0653037348911368
32	33	276.04741271790135	0.1667482133589873
32	34	382.00317728209865	0.09568097159251657
34	33	382.00317728209865	0.07353635414524033

