OD PAIRS
init_node	term_node	demand
init_node	term_node	flow	travelTimeOnLink
59	25	117.686596
20	21	105.93478304402781	0.30545608621552195
58	20	105.93478304402781	0.19270985508145602
21	23	105.93478304402781	0.06707785582780147
23	24	105.93478304402781	0.036874306453408424
24	25	117.68659600000002	0.0280413749716071
33	24	11.751812955972033	0.29533948428772044
32	33	2.464139981379858	0.16812331629342947
32	34	1.0473216065980302	0.0948252051503552
60	32	3.5114615879778848	0.1127294522646263
34	33	9.287672974592182	0.07348006935448062
60	34	8.240351367994153	0.20755486952395014
59	58	105.93478304402781	0.13606737615045625
59	60	11.751812955972033	0.16295415004947433

