OD PAIRS
init_node	term_node	demand
init_node	term_node	flow	travelTimeOnLink
14	61	2.019167
14	22	2.019167	0.15320947361113854
22	21	2.019167	0.10581839121504753
21	23	2.019167	0.06707889999936965
23	24	2.019167	0.036875843522031646
24	33	2.019167	0.21103673468389067
33	32	0.3819967462736631	0.0983553773844384
34	32	0.409581073529669	0.027499978548039747
32	60	0.7915778198033321	0.11366016923125834
33	34	1.6371702537263368	0.07085281389106113
34	60	1.2275891801966679	0.14116098423774456
60	61	2.019167	0.6501778670759489

