OD PAIRS
init_node	term_node	demand
init_node	term_node	flow	travelTimeOnLink
29	60	2.006949
22	21	2.0069490000000005	0.10581836074730114
21	23	2.0069490000000005	0.06707889789521503
29	22	2.0069490000000005	0.0992069217814234
23	24	2.0069490000000005	0.0368758408629411
24	33	2.0069490000000005	0.2110362459717783
33	32	0.4290503978754324	0.09835537889964723
34	32	0.30530789434895567	0.0274999028235719
32	60	0.7343582922243881	0.11365981336747254
33	34	1.577898602124568	0.07085262935930746
34	60	1.2725907077756122	0.14116100819858185

