OD PAIRS
init_node	term_node	demand
init_node	term_node	flow	travelTimeOnLink
67	26	11.91284
24	26	3.1403153710049883	0.023873340913773702
33	24	3.1403153710049883	0.29488501566927505
27	26	3.233271175143343	0.07259681376414161
28	26	5.539253453851665	0.023288174927032165
27	28	5.539253453851665	0.04952782097622849
33	27	8.772524628995006	0.24599420620600698
32	33	2.384360544510223	0.16811697209261098
32	34	2.355557057535704	0.09470433120552404
60	32	4.739917602045928	0.11270486364277338
34	33	9.528479455489775	0.07345255633645385
60	34	7.172922397954069	0.2075545746380786
67	60	11.91284	0.1305202867789065

