OD PAIRS
init_node	term_node	demand
init_node	term_node	flow	travelTimeOnLink
26	66	42.32433
26	24	42.32433000000001	0.015701803772423247
24	33	42.32433000000001	0.21104894247181208
33	32	13.698165655934538	0.09835583595622661
34	32	0.5608399892631575	0.027488563380920136
32	60	14.259005645197687	0.11363826976796793
33	34	28.626164344065476	0.07081558420612684
34	60	28.065324354802314	0.14116303353446055
60	63	42.32433000000001	0.17881105892753246
63	65	42.32433000000001	0.02749286981851499
65	66	42.32433000000001	0.0884002019361969

