OD PAIRS
init_node	term_node	demand
init_node	term_node	flow	travelTimeOnLink
22	69	13.610696
22	21	13.610696000000003	0.10581737285908538
21	23	13.610696000000003	0.06707882966956073
23	24	13.610696000000003	0.03687575463895858
24	33	13.610696000000003	0.21106040086402184
33	32	4.22937475481021	0.09835550368811824
34	32	0.549713580195821	0.027496458016610298
32	60	4.779088335006031	0.1136538778489409
33	34	9.381321245189794	0.07084268932338313
34	60	8.831607664993971	0.14116183930459122
60	69	13.610696000000003	0.19317250712191902

