OD PAIRS
init_node	term_node	demand
init_node	term_node	flow	travelTimeOnLink
54	1	0.529152
7	1	0.529152	0.21890584350464357
13	7	0.529152	0.09274900000001798
14	13	0.529152	0.12506610986999034
22	14	0.529152	0.14643711866197948
29	22	0.529152	0.09921803341587387
41	29	0.529152	0.0855255488727318
38	39	0.529152	0.050427474937164166
42	38	0.529152	0.10107962093774434
39	40	0.529152	0.018788370213769518
40	41	0.529152	0.05342815799445288
45	42	0.529152	0.08731003672505892
46	45	0.529152	0.02752732850251877
54	46	0.529152	0.1539092058031823

