OD PAIRS
init_node	term_node	demand
init_node	term_node	flow	travelTimeOnLink
62	26	10.979506
24	26	3.0488263337718564	0.023873323345605588
33	24	3.0488263337718564	0.2948795607359332
27	26	3.227143907896709	0.07259639410518401
28	26	4.703535758331431	0.023288143434071935
27	28	4.703535758331431	0.04952754237581608
33	27	7.930679666228139	0.24599661893502234
32	33	2.3363748442749204	0.16811315638729135
32	34	1.8740914926355159	0.0947276035724428
60	32	4.210466336910433	0.11270903049070516
34	33	8.643131155725078	0.07344833590720345
60	34	6.7690396630895595	0.2075546090392733
63	60	10.979506000000002	0.1406648142494184
62	63	10.979506000000002	0.05227418987194309

