OD PAIRS
init_node	term_node	demand
init_node	term_node	flow	travelTimeOnLink
65	26	10.979506
24	26	3.048826333771546	0.023873323345605588
33	24	3.048826333771546	0.29487956073593313
27	26	3.227143907898484	0.0725963941051841
28	26	4.70353575832997	0.023288143434071935
27	28	4.70353575832997	0.04952754237581608
33	27	7.930679666228456	0.24599661893502234
32	33	2.336374844275101	0.16811315638729135
32	34	1.874091492626929	0.09472760357244236
60	32	4.21046633690203	0.11270903049070509
34	33	8.643131155724895	0.07344833590720345
60	34	6.769039663097969	0.2075546090392733
63	60	10.979505999999999	0.1406648142494184
65	63	10.979505999999999	0.02867442058420785

