OD PAIRS
init_node	term_node	demand
init_node	term_node	flow	travelTimeOnLink
16	14	700.0
15	14	673.6573288821654	12.286753250929427
16	17	472.5950580175167	8.949322154581816
16	18	227.40494198248334	3.1731782837424647
17	19	472.5950580175167	6.970778156614958
18	20	227.40494198248334	4.271700593467069
19	15	673.6573288821654	4.327983046115968
20	19	201.0622708646488	10.018983502165469
20	22	26.342671117834556	7.754201742356523
22	23	26.342671117834556	12.454538037630618
23	14	26.342671117834556	9.127660166260732

