OD PAIRS
init_node	term_node	demand
init_node	term_node	flow	travelTimeOnLink
12	7	700.0
1	2	185.87381153803483	6.000864651885717
2	6	185.87381153803483	6.643874834005049
3	1	185.87381153803483	4.00886673576791
3	4	514.1261884619652	4.2644929353256416
4	5	514.1261884619652	2.3108972509373387
5	6	265.68385304748546	9.525854262499033
5	9	248.44233541447954	9.785564186378757
6	8	451.5576645855203	14.236528658809982
8	7	699.9999999999998	5.500649991892723
9	8	248.44233541447954	15.37537953809036
12	3	699.9999999999998	4.019808690105601

