OD PAIRS
init_node	term_node	demand
init_node	term_node	flow	travelTimeOnLink
10	20	2500.0
7	18	42.578231803304156	2.062915129207829
8	7	42.578231803304156	5.536211249522248
9	8	42.578231803304156	15.16242822981563
10	9	42.578231803304156	5.73848226568751
10	15	1466.346853838127	13.731122352150699
10	16	991.0749143585626	19.789723149417565
15	19	1379.066772276086	4.304051603814708
15	22	87.28008156204312	9.201825169682111
16	18	991.0749143585626	3.1614096193136545
18	20	1033.6531461618663	4.259090029070396
19	20	1379.066772276086	9.257583728603983
22	20	87.28008156204312	7.8509974397686735

