OD PAIRS
init_node	term_node	demand
init_node	term_node	flow	travelTimeOnLink
19	12	300.0
3	12	114.09232077589414	4.020953320120142
4	3	114.09232077589414	4.278573775527599
5	4	114.09232077589414	2.323702696876789
9	5	114.09232077589414	9.781530663189944
10	9	114.09232077589414	5.763381847191674
10	11	104.8612948496444	12.294750058484038
11	12	185.9076792241059	13.260464558368573
14	11	81.04638437446145	13.738665723602244
15	10	218.95361562553853	13.84620265091669
15	14	81.04638437446145	12.288005981053551
19	15	300.0	4.335328405498899

