OD PAIRS
init_node	term_node	demand
init_node	term_node	flow	travelTimeOnLink
4	16	800.0
4	5	800.0000000000006	2.3154882453862258
5	6	422.35412160296517	9.56356931428968
5	9	377.64587839703495	9.847533023828626
6	8	422.35412160296517	14.03533340495156
7	18	224.61076981043402	2.0653169060957914
8	7	224.61076981043402	5.664548256130944
8	16	427.53082049972096	10.051049049234129
9	8	229.78746870718982	15.324027100519558
9	10	147.85840968984488	5.71613858555177
10	16	147.85840968984488	20.477191677777377
18	16	224.61076981043402	3.1743973169786237

