OD PAIRS
init_node	term_node	demand
init_node	term_node	flow	travelTimeOnLink
12	19	300.0
3	4	113.97712939421096	4.276754615576063
4	5	113.97712939421096	2.3220544714495026
5	9	113.97712939421096	9.762163087685678
9	10	113.97712939421096	5.728671927251392
10	15	220.25164055821037	13.755086179801031
11	10	106.27451116399942	12.09268388992296
11	14	79.74835944178969	13.595007704469296
12	3	113.97712939421096	4.020557552759548
12	11	186.02287060578908	13.395194621242455
14	15	79.74835944178969	12.152752272474899
15	19	300.0	4.326131531216922

