OD PAIRS
init_node	term_node	demand
init_node	term_node	flow	travelTimeOnLink
8	13	600.0
1	3	160.0692074897027	4.0089285973393105
2	1	160.0692074897027	6.000875469299783
3	12	600.0	4.020192692317652
4	3	439.93079251029724	4.267067478043504
5	4	439.93079251029724	2.313246916233184
6	2	160.0692074897027	6.659401726767175
6	5	227.61178716349968	9.610776285841602
8	6	387.68099465320233	14.427910314985098
8	9	212.31900534679758	15.471564205146539
9	5	212.31900534679758	9.78662014575491
12	13	600.0	3.0228143201487336

