OD PAIRS
init_node	term_node	demand
init_node	term_node	flow	travelTimeOnLink
5	16	500.0
5	6	262.22029539054427	9.719481218020274
5	9	237.77970460945576	9.775139334546308
6	8	262.22029539054427	14.270814808979235
7	18	142.72279445353345	2.0641822016881455
8	7	142.72279445353345	5.60417518460547
8	16	264.2169354493256	10.290544219470537
9	8	144.7194345123148	15.220131034458376
9	10	93.06027009714103	5.703807604063268
10	16	93.06027009714103	20.33062217759771
18	16	142.72279445353345	3.1712786826487456

