OD PAIRS
init_node	term_node	demand
init_node	term_node	flow	travelTimeOnLink
3	16	200.0
1	2	45.28636940291812	6.000827649514324
2	6	45.28636940291812	6.589426963358784
3	1	45.28636940291812	4.008653160368682
3	4	154.71363059708182	4.268275906522902
4	5	154.71363059708182	2.3143484870763125
5	6	70.55032361160266	9.85307383846606
5	9	84.16330698547925	9.695539334270691
6	8	115.83669301452076	14.536891665418262
7	18	59.88546651393851	2.0630472357958056
8	7	59.88546651393851	5.544034878397294
8	16	105.97337067038502	10.546638826706879
9	8	50.022144169802665	15.100994266747731
9	10	34.14116281567658	5.689975005043636
10	16	34.14116281567658	20.172625878686294
18	16	59.88546651393851	3.168160557820535

