OD PAIRS
init_node	term_node	demand
init_node	term_node	flow	travelTimeOnLink
16	3	200.0
1	3	45.447160430290204	4.008752428955819
2	1	45.447160430290204	6.00084478117679
4	3	154.55283956970973	4.27018604492475
5	4	154.55283956970973	2.3160880328795717
6	2	45.447160430290204	6.615259950085125
6	5	71.23925788336639	9.873687038647207
7	8	60.219334182968694	5.595191196574602
8	6	116.68641831365653	14.665622634920618
8	9	50.15459665327	15.236603615567292
9	5	83.31358168634344	9.715936355054534
10	9	33.158985033073414	5.725765029762137
16	8	106.62168078395788	10.59384516334854
16	10	33.158985033073414	20.33120368687223
16	18	60.219334182968694	3.1657402701613573
18	7	60.219334182968694	2.0640129537307503

