OD PAIRS
init_node	term_node	demand
init_node	term_node	flow	travelTimeOnLink
7	11	500.0
4	11	20.31515106828881	7.151996946141603
5	4	20.31515106828881	2.318605215964798
6	5	20.31515106828881	10.075077159757587
7	8	101.74059910610899	5.638617744586687
7	18	398.25940089389104	2.0606530457214687
8	6	20.31515106828881	14.905178798346688
8	9	81.42544803782017	15.421894019109104
9	10	81.42544803782017	5.722403678249898
10	11	479.6848489317112	12.372423822579774
16	10	398.25940089389104	19.647670395285296
18	16	398.25940089389104	3.161587082600215

