OD PAIRS
init_node	term_node	demand
init_node	term_node	flow	travelTimeOnLink
13	8	600.0
1	2	159.337660947543	6.000857441492472
2	6	159.337660947543	6.633505574830993
3	1	159.337660947543	4.008825359432354
3	4	440.66233905245707	4.265217310749789
4	5	440.66233905245707	2.3115587394241963
5	6	227.09204478644298	9.588710434038648
5	9	213.57029426601412	9.766476322534457
6	8	386.42970573398617	14.299404095118115
9	8	213.57029426601412	15.32950648034209
12	3	600.0000000000001	4.019808690105601
13	12	600.0000000000001	3.0234975668841244

