OD PAIRS
init_node	term_node	demand
init_node	term_node	flow	travelTimeOnLink
16	5	500.0
6	5	263.34010136127597	9.738239263523246
7	8	143.76347093826107	5.655109640076145
8	6	263.34010136127597	14.398572207330911
8	9	145.89720530051449	15.352069608934718
9	5	236.65989863872375	9.79546919888305
10	9	90.76269333820926	5.740078580973807
16	8	265.4738357235294	10.335094273056908
16	10	90.76269333820926	20.500357543322735
16	18	143.76347093826107	3.1687680601484844
18	7	143.76347093826107	2.065139810093499

