OD PAIRS
init_node	term_node	demand
init_node	term_node	flow	travelTimeOnLink
15	12	700.0
3	12	260.88978085982234	4.021946368967898
4	3	260.88978085982234	4.288064999462625
5	4	260.88978085982234	2.332273565481608
9	5	260.88978085982234	9.924902136121815
10	9	260.88978085982234	5.823814870059659
10	11	249.14010206258365	12.154142733657608
11	12	439.11021914017766	12.852325872529622
14	11	189.97011707759415	13.60769388582019
15	10	510.029882922406	13.891009045441967
15	14	189.97011707759415	12.182078260833666

