OD PAIRS
init_node	term_node	demand
init_node	term_node	flow	travelTimeOnLink
12	8	600.0
1	2	159.33766094754307	6.000857441492472
2	6	159.33766094754307	6.633505574830993
3	1	159.33766094754307	4.008825359432354
3	4	440.66233905245696	4.265217310749789
4	5	440.66233905245696	2.3115587394241963
5	6	227.09204478644295	9.588710434038648
5	9	213.57029426601406	9.766476322534457
6	8	386.4297057339861	14.299404095118115
9	8	213.57029426601406	15.32950648034209
12	3	600.0000000000001	4.019808690105601

