OD PAIRS
init_node	term_node	demand
init_node	term_node	flow	travelTimeOnLink
7	12	700.0
1	3	186.93848757415577	4.008967412382315
2	1	186.93848757415577	6.0008822793374605
3	12	700.0	4.020192692317652
4	3	513.0615124258444	4.266390187220612
5	4	513.0615124258444	2.312629152590644
6	2	186.93848757415577	6.669158592241296
6	5	266.1761376839174	9.54766319374679
7	8	700.0	5.55171405190716
8	6	453.1146252580731	14.365760579476303
8	9	246.8853747419267	15.520541912360365
9	5	246.8853747419267	9.805399139224779

