OD PAIRS
init_node	term_node	demand
init_node	term_node	flow	travelTimeOnLink
24	19	100.0
14	15	18.94422652764914	12.265162978200042
15	19	84.063652480211	4.323649227501641
20	19	15.936347519788983	9.536299004588177
21	20	15.936347519788983	8.093605936259841
21	22	36.83262985411377	4.191292333220817
22	15	65.11942595256188	9.030391190109466
23	14	18.94422652764914	9.087832648297507
23	22	28.286796098448093	12.246826759420667
24	21	52.76897737390276	11.709131944391501
24	23	47.23102262609722	3.7320796708725528

