OD PAIRS
init_node	term_node	demand
init_node	term_node	flow	travelTimeOnLink
16	4	800.0
5	4	799.9999999999998	2.317173467076803
6	5	424.2533093169803	9.581372679147531
7	8	226.45599540545328	5.714423439512977
8	6	424.2533093169803	14.160381724263651
8	9	231.46234427670638	15.456350223185698
9	5	375.74669068301904	9.868362638949499
10	9	144.28434640631255	5.753400550822289
16	8	429.2596581882335	10.09275862285407
16	10	144.28434640631255	20.65836961030683
16	18	226.45599540545328	3.1717548935785906
18	7	226.45599540545328	2.066267408343361

