OD PAIRS
init_node	term_node	demand
init_node	term_node	flow	travelTimeOnLink
1	22	400.0
1	2	24.04591974471767	6.00083335982163
1	3	375.95408025528235	4.00858366857233
2	6	24.04591974471767	6.5987566903901325
3	12	375.95408025528235	4.019999632655535
6	8	24.04591974471767	14.78516433215878
7	18	24.04591974471767	2.062621165607352
8	7	24.04591974471767	5.520686804170573
12	13	375.95408025528235	3.022636294633294
13	24	375.95408025528235	17.54149502513522
18	20	24.04591974471767	4.260809176046171
20	22	24.04591974471767	7.750602364411918
21	22	219.39063836504627	4.167491658471367
23	22	156.56344189023608	12.309629119283139
24	21	219.39063836504627	11.599574099976723
24	23	156.56344189023608	3.740307712216908

