OD PAIRS
init_node	term_node	demand
init_node	term_node	flow	travelTimeOnLink
11	7	500.0
4	5	9.130879265769577	2.316128600068065
5	6	9.130879265769577	10.022431630826773
6	8	9.130879265769577	14.72433021476284
8	7	97.54608770040585	5.5826795836766685
9	8	88.41520843463628	15.301413861601334
10	9	88.41520843463628	5.761526891564308
10	16	402.4539122995943	19.517970919629647
11	4	9.130879265769577	7.232402581821272
11	10	490.8691207342304	12.186322304073318
16	18	402.4539122995943	3.1594003023322643
18	7	402.4539122995943	2.0616672275632975

