OD PAIRS
init_node	term_node	demand
init_node	term_node	flow	travelTimeOnLink
24	10	800.0
11	10	130.58585607983585	12.332369886481743
14	11	130.58585607983585	14.161426883775604
14	15	92.14010690400002	12.34968511724809
15	10	669.4141439201636	13.70584320528958
21	22	380.2883654012646	4.100433753752185
22	15	577.2740370161638	8.905492404983226
23	14	222.72596298383587	9.346361475814081
23	22	196.98567161489947	12.228677778982195
24	21	380.2883654012646	11.37581546532984
24	23	419.7116345987352	3.8213057689015657

