OD PAIRS
init_node	term_node	demand
init_node	term_node	flow	travelTimeOnLink
24	17	300.0
14	15	48.625970786455724	12.322133433566282
15	19	166.47494613611988	4.32654157143252
16	17	130.86468049065908	9.503669760599532
18	16	130.86468049065908	3.1660278187984634
19	17	169.1353195093411	7.404174801902225
20	18	130.86468049065908	4.260524850641352
20	19	2.660373373221109	9.500128464856141
21	20	133.52505386388003	8.079688218782605
21	22	40.71300873754298	4.173891576458361
22	15	117.84897534966419	9.02215996637976
23	14	48.625970786455724	9.12835027486838
23	22	77.13596661212134	12.284063661355814
24	21	174.23806260142294	11.615910059270872
24	23	125.76193739857692	3.7573264506678896

