OD PAIRS
init_node	term_node	demand
init_node	term_node	flow	travelTimeOnLink
49	40	14980.0
49	1364	14980.0	0.7570707886163495
1150	1151	5870.944971172287	4.980242529624443
1151	1152	5870.944971172287	4.980242529624443
1152	1153	5870.944971172287	4.980242529624443
1153	40	14980.0	0.7582928629812271
1190	1153	9109.055028827714	10.409595266247738
1196	1150	5870.944971172287	1.264718482350755
1225	1190	9109.055028827714	7.60991664183272
1226	1196	5870.944971172287	3.077038439181232
1259	1225	9109.055028827714	4.857958579788239
1259	1226	5870.944971172287	3.677252075160814
1364	1472	14980.0	3.767045812920763
1472	1259	14980.0	3.767045812920763

