OD PAIRS
init_node	term_node	demand
init_node	term_node	flow	travelTimeOnLink
47	25	99680.0
16	765	24.279123575891667	0.7645652290609586
17	1220	773.5940456492101	0.7692217447449714
21	126	32728.58191058072	0.7583568263544858
26	373	7457.302306192041	0.7646089886137333
47	1598	99680.00000000025	0.849220066840501
59	66	18798.030595980596	4.8909546466517995
60	21	32728.58191058072	0.7558320390603505
63	60	32728.58191058072	7.844924889181527
66	84	18798.030595980596	4.8909546466517995
67	63	32728.58191058072	17.22731432108161
68	59	18798.030595980596	1.3209329687648486
68	67	32728.58191058072	5.469645278841231
84	113	18798.030595980596	5.356918596651591
88	68	51526.61250656168	3.3567331420294635
113	139	18798.030595980596	5.356918596651591
119	88	51526.61250656168	3.3567331420294635
126	130	9005.61160254581	4.418791211020479
126	141	23722.970308034946	4.925839372595798
130	165	9005.61160254581	2.8278960015847345
139	162	18798.030595980596	5.356918596651591
140	119	51526.61250656168	3.3567331420294635
141	150	23722.970308034946	4.925839372595798
150	161	23722.970308034946	4.925839372595798
161	195	23722.970308034946	4.925839372595798
162	187	18798.030595980596	5.356918596651591
163	140	51526.61250656168	3.3567331420294635
165	175	9005.61160254581	2.8278960015847345
175	190	9005.61160254581	2.8278960015847345
187	212	18798.030595980596	5.356918596651591
188	163	51526.61250656168	3.3567331420294635
190	200	9005.61160254581	2.8278960015847345
195	217	23722.970308034946	4.925839372595798
200	232	9005.61160254581	2.8278960015847345
201	210	30397.31750164116	6.003097517361579
207	201	30397.31750164116	7.405543131949532
210	252	30397.31750164116	4.620787614967567
212	274	18798.030595980596	1.0339571488860602
213	214	45183.08059545898	3.966808967181138
214	215	28531.925312037667	1.576749416492015
214	322	16651.155283421063	3.027403270630566
215	216	1196.1867518299516	0.9638205404925693
215	254	27335.73856020778	1.3430818273504728
216	217	1196.1867518299516	5.285460902117557
217	235	24919.157059864952	9.805599503185785
219	207	30397.31750164116	7.405543131949532
225	219	30397.31750164116	7.405543131949532
225	250	1136.1304829108576	1.8227876519470443
227	188	51526.61250656168	3.3567331420294635
232	254	9005.61160254581	3.570439962775891
234	274	26385.049999478077	2.9543722157077563
235	225	31533.447984552084	6.818120077051306
250	295	1136.1304829108576	3.6379977442351468
252	25	87299.17923069137	0.7571949629590725
253	213	45183.08059545898	3.4458547371561212
254	278	36341.35016275393	4.443297299450745
270	252	56901.86172904986	12.894872984787414
274	253	45183.08059545898	3.4458547371561212
275	227	51526.61250656168	3.3567331420294635
278	235	6614.290924687164	8.74379458314583
278	325	29727.059238066504	3.872285080656195
295	270	56901.86172904986	12.894872984787414
302	234	26385.049999478077	16.24730915294818
322	323	16651.155283421063	3.705860039617634
323	324	16651.155283421063	1.3788416764369407
324	325	26038.672008072703	4.851253307573626
325	295	55765.73124613913	13.833708337049007
341	275	51526.61250656168	3.3567331420294635
358	302	26385.049999478077	16.24730915294818
360	324	9387.516724651483	9.888779116835009
367	341	50390.482023650904	2.9446249132522504
372	26	7457.302306192041	0.7562701136157124
373	406	7457.302306192041	11.077280076065009
401	360	9387.516724651483	18.262914895612678
405	358	26385.049999478077	16.24730915294818
406	407	12380.820769309163	30.08408055799145
407	25	12380.820769309163	0.7636324927964391
429	367	50390.482023650904	2.9446249132522504
431	372	7457.302306192041	17.277516442541526
440	341	1136.1304829108576	1.081525299741429
440	405	26385.049999478077	16.24730915294818
443	406	4923.518463117136	18.318085775520174
460	443	4923.518463117136	15.736754248889053
468	431	7457.302306192041	17.277516442541526
470	468	7234.324565598888	9.998756896187132
474	401	9387.516724651483	13.521832085374106
474	470	7234.324565598888	9.996392705663272
478	429	50390.482023650904	2.9446249132522504
478	479	27521.180482388958	3.2517895257889844
479	440	27521.180482388958	4.799778024987392
491	789	4923.518463117136	9.062431413085427
493	474	16621.841290250275	12.4727800765439
495	468	222.9777405931121	14.206981745506226
495	491	4923.518463117136	9.060173881673773
503	493	16621.841290250275	14.981813563142769
504	505	5122.2170801343855	10.368553406218538
505	506	5122.2170801343855	10.368553406218538
506	507	5146.496203710277	9.152802582158294
507	495	5146.496203710277	9.152802582158294
527	503	16621.841290250275	14.981813563142769
528	504	5122.2170801343855	7.775093467194248
544	478	77911.66250603952	4.652199950621775
545	527	16621.841290250275	14.981813563142769
546	528	5122.2170801343855	7.778136475228214
547	506	24.279123575891667	10.664670425088065
550	546	3022.4563687618383	0.9382497204497043
563	546	2099.7607113725558	7.614739171690477
579	550	3022.4563687618383	11.82651777973284
583	544	77911.66250603952	4.652199950621775
584	563	2099.7607113725558	10.343764647315943
594	547	24.279123575891667	6.146987783411167
598	579	3022.4563687618383	11.82651777973284
606	583	77911.66250603952	4.652199950621775
618	584	2099.7607113725558	7.614739171690477
637	594	24.279123575891667	6.146987783411167
638	639	1876.7829707794415	6.01395931921683
638	662	3245.4341093549406	9.47136781713279
639	640	1876.7829707794415	6.01395931921683
640	618	2099.7607113725558	7.688102361175315
641	642	24.279123575891667	7.870591502083679
642	637	24.279123575891667	7.870591502083679
651	641	24.279123575891667	7.870591502083679
659	545	16621.841290250275	14.983585422106671
661	606	77911.66250603952	4.652199950621775
662	598	3022.4563687618383	11.229060485042616
662	640	222.9777405931121	2.567224743140729
663	664	24.279123575891667	5.098250945313051
664	651	24.279123575891667	5.1037092911039075
680	659	16621.841290250275	14.983585422106671
698	663	24.279123575891667	5.669985570809235
701	661	77911.66250603952	4.652199950621775
730	701	77911.66250603952	2.7850010266897236
733	698	24.279123575891667	5.669985570809235
765	733	24.279123575891667	19.08249839146754
775	730	77911.66250603952	2.9395183095625175
778	638	5122.2170801343855	8.635254039908478
789	460	4923.518463117136	9.062431413085427
815	680	16621.841290250275	11.356013993152995
815	775	77911.66250603952	2.9395183095625175
850	815	94533.50379629048	8.329076013507876
851	778	5122.2170801343855	6.328928871556102
900	851	5122.2170801343855	6.328928871556102
939	850	94533.50379629048	8.329076013507876
984	16	24.279123575891667	0.7642310896014108
1001	900	5122.2170801343855	3.805931914866773
1001	1002	24.279123575891667	10.106270198264621
1002	984	24.279123575891667	10.106270198264621
1051	939	94533.50379629048	8.329076013507876
1087	1051	94533.50379629048	8.329076013507876
1123	1087	94533.50379629048	8.329076013507876
1124	1141	5146.496203710277	24.977480547350265
1140	1123	94533.50379629048	8.329076013507876
1141	1001	5146.496203710277	15.68296768998843
1183	1140	94533.50379629048	8.329076013507876
1219	1183	94533.50379629048	8.329076013507876
1220	1235	773.5940456492101	13.299973947595985
1231	1219	89962.15413734417	7.48114486025095
1235	1124	5146.496203710277	23.628241377401388
1248	1219	4571.349658945516	7.5156042711204485
1248	1235	1660.1332303663369	5.412034832681646
1251	1231	89962.15413734417	7.48114486025095
1264	1235	2712.768927694736	4.90089605124256
1292	1251	89962.15413734417	7.48114486025095
1303	1264	2712.768927694736	4.90089605124256
1337	1303	2712.768927694736	4.90089605124256
1350	1292	89962.15413734417	7.48114486025095
1378	1248	6231.482889311834	14.188684323085642
1378	1337	2712.768927694736	4.90089605124256
1398	1350	89962.15413734417	7.48114486025095
1429	1378	8944.251817006565	18.64303277926813
1437	1398	89962.15413734417	7.48114486025095
1457	1429	8944.251817006565	24.3150792445347
1457	1437	89962.15413734417	10.757561091319316
1476	1457	98906.4059543509	22.225964381409263
1531	1476	98906.4059543509	22.225964381409263
1542	1543	773.5940456492101	16.388375817281506
1543	17	773.5940456492101	0.7572579336052017
1548	1542	773.5940456492101	16.388375817281506
1557	1548	773.5940456492101	32.21113207752893
1570	1531	98906.4059543509	22.225964381409263
1572	1557	773.5940456492101	17.875271182278652
1577	1578	773.5940456492101	17.875271182278652
1578	1572	773.5940456492101	17.875271182278652
1582	1577	773.5940456492101	17.875271182278652
1583	1570	98906.4059543509	22.225964381409263
1585	1582	773.5940456492101	17.875271182278652
1589	1583	98906.4059543509	22.225964381409263
1589	1585	773.5940456492101	17.875271182278652
1596	1589	99680.00000000025	35.82924025102455
1598	1596	99680.00000000025	35.82924025102455

