OD PAIRS
init_node	term_node	demand
init_node	term_node	flow	travelTimeOnLink
29	30	678.4
29	351	678.4	0.7519937673827217
351	365	638.3969986806571	2.5058827679708666
351	369	40.00300131934282	2.6250083272158014
365	379	638.3969986806571	2.5058827679708666
369	398	40.00300131934282	0.9915631163336396
379	435	638.3969986806571	5.658272871178578
398	410	40.00300131934282	4.271976746300176
410	434	40.00300131934282	4.271976746300176
434	456	40.00300131934282	4.271543819881699
435	456	638.3969986806571	5.658272871178578
456	494	678.4	9.505554951541354
494	514	678.4	19.060617187545002
514	30	678.4	0.7585100909519047

