OD PAIRS
init_node	term_node	demand
init_node	term_node	flow	travelTimeOnLink
8	4	232.44
8	986	232.44	0.756979043546978
704	4	232.44	0.761364964809523
761	704	232.44	7.7317332427728935
786	761	232.44	9.54798942786271
792	793	232.44	27.81304713673826
793	794	232.44	27.81304713673826
794	795	232.44	27.81304713673826
795	786	232.44	27.81304713673826
840	792	232.44	24.693699822804874
876	840	232.44	24.693699822804874
935	876	232.44	25.486894049521688
961	935	232.44	21.40968573779774
985	961	232.44	17.084377665116158
986	985	232.44	18.951899915933204

