OD PAIRS
init_node	term_node	demand
init_node	term_node	flow	travelTimeOnLink
14	13	42800.0
14	1026	4494.55971000801	0.7513467377767906
14	1090	38305.44028999199	0.7548198149488183
963	993	4494.55971000801	6.028082016615954
993	1070	4494.55971000801	3.4470720376703863
994	963	4494.55971000801	5.21363842680158
1026	994	4494.55971000801	4.446509434494211
1062	13	42800.0	0.7541468312372493
1070	1062	42800.0	9.076244341749359
1082	1070	38305.44028999199	8.173846694565578
1090	1082	38305.44028999199	8.170932615191004

