OD PAIRS
init_node	term_node	demand
init_node	term_node	flow	travelTimeOnLink
42	13	0.2
10	1156	0.2	0.7564755592528785
42	1386	0.2	0.7558991567124006
44	1510	0.2	0.7668963158689068
1053	13	0.2	0.7509142976604939
1091	1053	0.2	6.182604791735427
1109	1091	0.2	6.182604791735427
1156	1109	0.2	4.467965570850163
1327	10	0.2	0.7885288087636724
1353	1327	0.2	23.11355494569354
1386	1404	0.2	9.085627678764808
1404	1416	0.2	7.268606642262403
1415	44	0.2	0.7530296048919136
1416	1415	0.2	7.268606642262403
1490	1353	0.2	9.718569688933997
1510	1490	0.2	32.861186225768506

