OD PAIRS
init_node	term_node	demand
init_node	term_node	flow	travelTimeOnLink
31	25	98640.0
1	304	884.2070580871225	0.7528436269657834
22	176	1250.721730949773	0.7558222824996712
22	181	577.0877848599188	0.7576744530017769
23	414	566.4647110239581	0.7533348879652927
24	378	44807.41820230961	0.7637319686675733
29	261	718.867573905413	0.7534166687394261
29	351	628.9795161958632	0.7520078539625816
31	571	95401.91148172689	0.7549434615916959
31	657	3238.088518273294	0.7602554896545235
32	355	33226.39796679782	0.7609451075456906
33	608	2584.134264504707	0.758087956388909
35	91	20706.130886293424	0.7606653548752554
37	222	750.3095338322248	0.7502949653857907
91	132	20706.130886293424	23.697960414737075
107	22	1250.721730949773	0.7533561473642143
115	107	1250.721730949773	7.966910685173069
115	127	577.0877848599188	3.709869276008611
124	129	17985.187566011227	20.12304155679598
127	136	577.0877848599188	4.235441994053318
129	115	1827.8095158096871	15.962793835519888
129	133	16157.378050201392	7.631869856287957
132	124	17985.187566011227	20.12304155679598
132	153	2720.943320282167	1.3865749384511443
133	145	16157.378050201392	14.314033744983554
136	22	577.0877848599188	0.7532854728795537
145	160	16157.378050201392	1.4924851197268438
153	171	2720.943320282167	1.3865749384511443
160	166	14928.1492305329	2.4578209223117264
160	191	1229.228819668532	0.7562287199402409
166	180	14928.1492305329	2.3544801570059297
169	201	1250.721730949773	4.1944696544501205
171	192	2720.943320282167	1.3865749384511443
176	177	1250.721730949773	5.563792683616051
177	169	1250.721730949773	5.563792683616051
180	186	14928.1492305329	2.3544801570059297
181	184	577.0877848599188	5.070343795123845
184	194	577.0877848599188	5.070343795123845
186	198	14928.1492305329	1.8326458768150284
191	231	1229.228819668532	0.7525829282208572
192	193	31057.80281343665	4.293022088543977
193	208	31057.80281343665	4.294106633622393
194	201	577.0877848599188	5.074942875872619
198	206	14928.1492305329	3.001169376787314
201	210	1827.8095158096871	6.026012056632244
205	192	28336.85949315446	2.800925490696156
205	221	1857.1509740833933	4.804946153724527
206	210	14928.1492305329	5.800741298957698
208	237	31057.80281343665	4.294106633622393
210	252	16755.958746342574	4.915049732977994
220	231	16556.698372757208	4.257694860173084
221	233	1857.1509740833933	7.324162087970718
222	260	1469.1771077376372	5.538613362067822
229	205	30194.01046723788	7.109970790262455
230	222	718.867573905413	4.155254506968234
231	247	13609.259000434904	4.014892539253165
231	264	4176.668191990934	0.7812313668490278
233	23	566.4647110239581	0.7538143543459858
233	241	1290.6862630594412	1.9211465212161465
236	246	35847.39423168001	10.737954487411676
237	236	32348.489076496156	5.8885851182070645
238	237	1290.6862630594412	1.2779662723059608
239	238	1290.6862630594412	1.2779662723059608
240	239	1290.6862630594412	1.9211465212161465
241	240	1290.6862630594412	1.9211465212161465
246	255	35847.39423168001	10.737954487411676
247	251	24026.079728392815	3.1596405437970874
251	262	24026.079728392815	3.1596405437970874
252	25	16755.958746342574	0.7579413522350067
255	220	16556.698372757208	9.60001080355344
255	280	19290.69585892244	7.056461156809958
257	229	30194.01046723788	7.109970790262455
258	35	9353.241419840204	0.7542307217910773
259	267	2757.5213928371904	5.4502746152262835
260	309	1469.1771077376372	5.538413521730784
261	230	718.867573905413	4.155254506968234
262	265	30096.85773592795	3.455753409380341
263	289	19384.12528458719	2.242865335013654
264	247	10416.820727957962	3.3772470309736127
264	279	13050.543322955422	2.119360466397553
265	272	47499.04337185335	5.32199642311172
267	258	9353.241419840204	7.263557170405333
271	257	30194.01046723788	2.860382228944663
272	25	47499.04337185335	0.7521248017134083
279	285	13050.543322955422	2.1162018298711223
280	264	19290.69585892244	7.056461156809958
282	267	6595.720027002983	2.68665712479497
283	259	2757.5213928371904	10.454071761755221
284	37	750.3095338322248	0.7515707007296455
285	293	13050.543322955422	2.1162018298711223
286	287	8709.49780047761	6.732672282411755
287	35	11352.889466453129	0.7579513578114314
288	284	750.3095338322248	4.68951691901195
289	335	19384.12528458719	2.2404946191908364
291	287	2643.3916659755014	6.278092977520196
292	282	6595.720027002983	3.7343525966439195
292	286	8709.49780047761	6.732672282411755
293	262	6070.778007535153	4.491779771636242
293	303	13805.86262906795	4.089781032426169
301	263	19384.12528458719	5.039607434923308
301	291	2643.3916659755014	5.382832037255423
301	311	5098.33898598345	2.4669253957930635
303	265	17402.18563592515	4.095023296977938
304	395	884.2070580871225	5.466318616868044
305	283	2757.5213928371904	10.454071761755221
308	292	15305.21782748053	13.184308151382048
309	305	2757.5213928371904	10.454071761755221
311	320	5098.33898598345	2.4669253957930635
315	309	1288.3442850995625	4.185507198044903
316	301	27125.855936546122	12.257747702991882
320	340	5098.33898598345	1.5481845840998791
328	293	6826.097313647561	7.241730709256315
331	236	3498.905155183658	4.528546465988409
335	271	30194.01046723788	5.4685894710934555
337	288	750.3095338322248	3.1986977644949297
337	351	160.2833271717329	1.0788523654685735
338	315	1288.3442850995625	4.185507198044903
340	350	5098.33898598345	1.5481845840998791
343	308	15305.21782748053	5.995723751364303
344	303	3596.323006857304	7.27614522531579
345	328	6826.097313647561	7.241730709256315
346	354	42098.21105737724	4.978525389076224
350	335	10809.885182650703	2.9563801212181224
350	346	42098.21105737724	15.92466690225316
351	369	789.2628433675985	2.6485306546070975
352	338	1288.3442850995625	4.185220960132458
354	370	42098.21105737724	4.978525389076224
355	316	27125.855936546122	12.257747702991882
355	356	19884.97491658795	10.161021460460425
356	385	19884.97491658795	10.161021460460425
363	368	31383.223266589674	11.09475748187996
368	397	31383.223266589674	11.09385330914806
369	352	1288.3442850995625	4.185220960132458
370	394	47739.85864646934	6.9010806133059726
374	376	34384.99788180471	5.0240066087571424
375	374	34384.99788180471	5.0240066087571424
376	25	34384.99788180471	0.7519817950239136
377	375	34384.99788180471	5.0240066087571424
378	382	44807.41820230961	21.891537400802655
379	337	910.5928610039643	4.2226204421072415
381	344	3596.323006857304	7.27614522531579
381	377	34384.99788180471	5.930896193753297
382	345	6826.097313647561	7.241730709256315
382	381	37981.32088866185	10.316612905045993
385	350	47809.75725404474	11.452266033469344
386	369	499.08144173197064	2.076140067275624
389	24	15453.191582151583	0.7506797386896031
390	389	15453.191582151583	4.2189745784240085
391	331	3498.905155183658	4.081543874144465
391	390	15453.191582151583	4.2189745784240085
392	391	18385.632026311247	2.9649821098000104
393	392	18385.632026311247	2.9649821098000104
394	393	18385.632026311247	2.9180729012232294
394	418	29354.226620157926	3.4964543503139653
395	370	5641.647589091916	2.0227587060607237
397	32	33226.39796679782	0.7663307209534187
397	343	15305.21782748053	5.1461918066027055
397	355	9090.383511969241	1.3082591602853735
400	363	31383.223266589674	14.802088754817424
402	29	1347.8470901012765	0.7526357723826338
402	386	499.08144173197064	2.076140067275624
414	391	566.4647110239581	5.871254105856654
418	439	29354.226620157926	4.370405965187729
426	385	27924.782337456447	2.3101101287471604
428	355	4694.049374367175	4.533909758292461
433	395	4757.440531004788	2.8614773168675995
435	379	910.5928610039643	4.222036943415078
435	402	1846.928531833238	8.014989078678882
436	428	4694.049374367175	4.533909758292461
438	397	26238.77603965776	9.929344279393103
439	459	29354.226620157926	4.37004186179724
447	426	27924.782337456447	2.3101101287471604
452	438	26238.77603965776	9.929096031915016
452	462	12042.37902083159	3.1143960524733645
454	458	31383.223266589674	6.236044385204107
456	435	2757.5213928371904	19.19798553562299
458	400	31383.223266589674	11.439198450000582
459	488	29354.226620157926	4.37004186179724
462	492	12042.37902083159	3.1143960524733645
488	24	29354.226620157926	0.7553302297106548
489	454	31383.223266589674	4.7883756627272325
490	456	2757.5213928371904	4.3437391296797205
492	515	12042.37902083159	4.196965444981599
497	447	27924.782337456447	3.670212044692644
500	490	2757.5213928371904	3.8314617070379904
513	433	4757.440531004788	2.8614773168675995
515	436	4694.049374367175	2.3741919566222673
515	537	30982.295662043656	5.583314941353995
520	513	4757.440531004788	13.469463065382158
521	500	2757.5213928371904	3.8314617070379904
537	539	30982.295662043656	5.58314789094867
539	552	30982.295662043656	5.748486587035051
542	515	23633.96601557921	7.04517592675329
551	555	3359.3814919471924	13.149652458110177
552	497	27924.782337456447	3.670212044692644
552	551	3359.3814919471924	10.589869265067879
555	520	4757.440531004788	13.469463065382158
556	33	2584.134264504707	0.7577824722089301
558	552	301.86816735999895	12.793198045629223
560	521	2757.5213928371904	5.328949708425634
566	1	884.2070580871225	0.7556403782714014
567	566	458.2269020081494	11.830502688834791
570	452	38281.15506048948	12.899136619903482
571	489	31383.223266589674	4.7883756627272325
571	572	2757.5213928371904	1.8926392230355877
571	627	61261.16682230029	2.6270188623733874
572	575	2757.5213928371904	1.8926392230355877
574	542	23633.96601557921	5.538902581314258
575	560	2757.5213928371904	3.3065127603992495
582	555	1398.0590390575842	8.985145610087818
595	567	458.2269020081494	5.213813102860821
603	558	301.86816735999895	5.78612370628769
607	566	425.9801560789769	1.9939371949301368
608	624	2584.134264504707	18.13659335417174
611	556	2584.134264504707	4.663322301043647
611	612	23633.96601557921	5.53940220437704
612	574	23633.96601557921	5.538902581314258
624	603	301.86816735999895	5.78612370628769
624	676	2282.266097144716	21.02845719978187
626	570	38281.15506048948	11.336322883651398
626	611	26218.100280084	8.841482519007844
627	626	64499.255340573676	18.059870999362502
633	582	1398.0590390575842	8.985097724709949
649	595	458.2269020081494	5.213910711855064
657	627	3238.088518273294	4.417578549739497
670	607	425.9801560789769	1.9926304318189512
672	670	425.9801560789769	7.0175805087477
676	633	1398.0590390575842	8.985097724709949
676	687	884.2070580871225	12.486786916751878
685	672	425.9801560789769	6.73152348455333
686	649	458.2269020081494	5.21430115494651
686	685	425.9801560789769	9.736298018188661
687	686	884.2070580871225	13.450098449936222

