OD PAIRS
init_node	term_node	demand
init_node	term_node	flow	travelTimeOnLink
42	43	771.2
42	1369	771.2000000000003	0.7501849726139991
1244	1266	164.6378331312441	1.7608287872540818
1266	43	454.3956421695051	0.7515644013944613
1301	43	316.80435783049495	0.7519163457080412
1333	1609	771.2000000000003	10.716182793469983
1334	1333	771.2000000000003	2.800558464817234
1361	1334	771.2000000000003	1.1489534309464875
1369	1361	771.2000000000003	1.1484080440870534
1609	1244	164.6378331312441	5.029937954074073
1609	1266	289.7578090382611	6.780204477727933
1609	1301	316.80435783049495	6.7996924174233175

