OD PAIRS
init_node	term_node	demand
init_node	term_node	flow	travelTimeOnLink
14	8	26636.0
13	1053	23722.04745328261	0.7565913543056655
14	1026	1660.171692718385	0.7512913786385274
14	1090	24975.82830728161	0.7549053048805752
963	993	1660.171692718385	5.882483357399714
993	1070	1660.171692718385	3.330976784234752
994	963	1660.171692718385	5.103279221064016
1026	994	1660.171692718385	4.342931734959225
1053	1054	26636.000000000007	17.304621360360084
1054	8	26636.000000000007	0.7584766571905506
1062	13	23722.04745328261	0.7542266036350389
1062	1053	2913.952546717393	1.436530612825332
1070	1062	26636.000000000007	9.07638852621454
1082	1070	24975.82830728161	8.305531840892764
1090	1082	24975.82830728161	8.30260063006263

