OD PAIRS
init_node	term_node	demand
init_node	term_node	flow	travelTimeOnLink
9	35	7044.0
7	1055	965.5860988448351	0.7740002055761421
9	1240	1631.6717185385312	0.7545432122067953
9	1241	3579.0246517531746	0.761527714269124
9	1310	1833.3036297083024	0.7527217362537223
33	556	1501.2963433888244	0.7509625274424763
34	811	3476.789798119324	0.7603596706934749
41	945	2440.4228676156263	0.7605419391352718
43	1171	1071.3642077597256	0.7552757743503389
258	35	1577.2816653116324	0.7540623255651681
267	258	1577.2816653116324	7.0042968127390575
282	267	1577.2816653116324	2.5719761905247296
286	287	1923.6187004048086	6.535618352128813
287	35	5466.718334688365	0.7577286671876322
291	287	3543.0996342835783	6.139479293963355
292	282	1577.2816653116324	3.557680153229973
292	286	1923.6187004048086	6.535618352128813
301	291	3543.0996342835783	5.266666495793749
308	292	3500.900365716449	12.64828115273848
316	301	3543.0996342835783	12.335545007806884
343	308	3500.900365716449	5.769587361311545
355	316	3543.0996342835783	12.335545007806884
397	343	3500.900365716449	4.956677643782735
428	355	3543.0996342835783	4.308002959626073
436	428	3543.0996342835783	4.308002959626073
438	397	3500.900365716449	9.899410385369173
452	438	3500.900365716449	9.899162408032858
515	436	3543.0996342835783	2.2051177340790895
542	515	3543.0996342835783	7.453113025320272
556	570	1501.2963433888244	2.821424212637671
570	452	3500.900365716449	12.814275773522873
574	542	3543.0996342835783	5.849230846492515
611	612	3543.0996342835783	5.8497410362373445
612	574	3543.0996342835783	5.849230846492515
626	570	1999.6040223276054	11.2287902505231
648	626	1999.6040223276054	6.0655336872026115
656	648	1999.6040223276054	6.0655336872026115
671	611	3543.0996342835783	2.1923058502861954
707	33	1501.2963433888244	0.7562205279973531
716	656	1999.6040223276054	7.052374849186346
725	707	1501.2963433888244	12.978460420379136
743	671	3543.0996342835783	2.192473301045471
745	716	1999.6040223276054	7.052374849186346
755	743	3543.0996342835783	6.945914313270286
760	725	1501.2963433888244	12.978460420379136
760	755	3543.0996342835783	15.023270751301723
774	745	1999.6040223276054	6.006018396507356
798	799	1999.6040223276054	1.5348950837144275
799	800	1999.6040223276054	1.5348950837144275
800	774	1999.6040223276054	7.021705547232067
804	798	1999.6040223276054	1.5348950837144275
807	760	5044.395977672375	26.32887333990092
807	804	1999.6040223276054	1.5348950837144275
811	807	3476.789798119324	11.270542186628038
862	807	3567.2102018806827	7.097880366948186
888	862	2440.4228676156263	16.489342950875336
893	862	1126.7873342650526	2.409853293480099
907	888	2440.4228676156263	16.493131498248246
930	34	3476.789798119324	0.7672245152007662
930	893	1126.7873342650526	3.2078876678588095
945	907	2440.4228676156263	15.099360063378843
951	952	1352.4623487236274	7.6945120192431595
952	953	1352.4623487236274	7.6945120192431595
953	954	1352.4623487236274	11.529576842995406
954	960	2367.7525162856023	11.0645161890038
960	930	4603.57713238435	14.606787748152879
972	951	660.7498461229582	6.224347764965335
973	951	691.7125026006739	8.625969598879198
987	988	259.23065120801607	11.80649475993781
988	972	660.7498461229582	6.224347764965335
989	954	1015.2901675619866	4.91840565947895
990	960	2235.82461609878	5.974106194389556
995	987	259.23065120801607	11.80649475993781
1007	973	691.7125026006739	8.625969598879198
1008	989	1015.2901675619866	4.91840565947895
1009	990	2235.82461609878	5.974106194389556
1024	1009	2235.82461609878	5.974106194389556
1035	988	401.51919491494033	11.047912346274055
1036	1007	691.7125026006739	8.625969598879198
1043	995	259.23065120801607	4.029765200289161
1055	1035	401.51919491494033	11.047912346274055
1055	1036	691.7125026006739	8.625969598879198
1066	1008	1015.2901675619866	4.91840565947895
1066	1024	2235.82461609878	7.832217745890425
1072	1043	259.23065120801607	4.029765200289161
1077	1078	1181.0094565879494	14.421353712001803
1078	1066	2326.1119745737997	23.681618638231697
1081	1066	925.0028090869619	6.985129491507962
1083	1072	259.23065120801607	4.029765200289161
1093	41	743.5371187552194	0.7531878337558864
1099	7	965.5860988448351	0.7615203855389914
1099	1055	127.64559867077247	1.5354067986791031
1099	1077	1181.0094565879494	10.055461644572691
1102	1081	925.0028090869619	6.985129491507962
1105	1083	259.23065120801607	4.029765200289161
1105	1099	963.9241650889469	16.09190562776803
1113	1267	988.5342334294386	9.68307349980026
1113	1300	229.24276146256716	3.343960585234464
1114	1102	139.10680042996833	3.324483622702026
1115	1093	743.5371187552194	7.60905754608956
1128	1099	1310.3169890146087	8.331766220699594
1131	1114	139.10680042996833	3.324483622702026
1135	1105	1223.1548162969661	9.028334479696458
1136	1102	785.8960086569919	5.3290259221206835
1146	1115	743.5371187552194	6.0401616684728925
1155	1131	85.59122328002553	1.3382319945918266
1157	1128	1310.3169890146087	8.331766220699594
1161	1135	1223.1548162969661	9.028334479696458
1165	1078	1145.1025179858595	4.3617329466112045
1165	1136	705.7151590078516	8.808634187076011
1171	1146	743.5371187552194	6.0401616684728925
1171	1155	85.59122328002553	1.3382319945918266
1171	1194	242.2358657244886	2.155239221589828
1174	1131	53.515577149943034	2.1939710284630887
1174	1136	80.18084964913908	3.5198799292130896
1179	1165	1621.5749155311341	12.103624659057411
1186	1157	1310.3169890146087	8.33199914167665
1186	1179	1621.5749155311341	32.8527253598123
1187	1165	229.24276146256716	2.5308949608668154
1193	1161	1223.1548162969661	9.0290540249605
1193	1186	408.5169022415732	18.203511004752464
1194	1211	242.2358657244886	2.155239221589828
1205	1186	2523.3750023041953	13.03408950942238
1209	1174	133.69642679908208	1.2365664282686641
1211	1223	353.38112639345934	2.3292307680223274
1213	1193	1631.6717185385312	10.52533847646981
1222	1205	2523.3750023041953	13.03408950942238
1223	1230	353.38112639345934	2.3292307680223274
1224	41	1696.8857488604115	0.7595925235333508
1230	1224	1696.8857488604115	10.733562828416835
1240	1213	1631.6717185385312	10.52533847646981
1241	1222	2523.3750023041953	13.03408950942238
1241	1306	1055.6496494490002	2.550717642185306
1242	43	885.8115031530152	0.7572611780854397
1242	1209	102.72273027641847	0.7569634678119815
1243	1211	111.14526066896903	2.475388581690425
1244	1209	30.97369652266333	2.515602144270135
1244	1266	71.67940894094976	1.7640146653817048
1256	1187	229.24276146256716	2.5308949608668154
1257	1230	1343.5046224669513	5.200241465146704
1262	1243	111.14526066896903	1.1089149102676221
1266	43	185.55270460671258	0.7515716981770809
1267	1242	988.5342334294386	12.015990128067322
1277	1256	229.24276146256716	4.991156808832309
1284	1262	111.14526066896903	1.1089149102676221
1300	1277	229.24276146256716	4.991156808832309
1301	1257	1343.5046224669513	5.200241465146704
1301	1284	111.14526066896903	1.1089149102676221
1306	1328	1055.6496494490002	4.058129545636212
1310	1328	1833.3036297083024	6.606185428454972
1328	1329	2888.953279157307	23.872581404070516
1329	1330	2888.953279157307	23.872581404070516
1330	1113	1217.776994892004	11.62676996796383
1330	1331	1671.1762842653025	8.826254618735689
1331	1608	1671.1762842653025	8.826254618735689
1608	1609	1671.1762842653025	8.826254618735689
1609	1244	102.65310546361324	5.043036035662309
1609	1266	113.87329566576301	6.806888421418915
1609	1301	1454.649883135928	6.781656772052021

