OD PAIRS
init_node	term_node	demand
init_node	term_node	flow	travelTimeOnLink
32	23	908.4
32	355	908.4000000000001	0.7608565404626493
301	311	239.91810439064608	2.3631212192927222
311	320	239.91810439064608	2.3631212192927222
316	301	239.91810439064608	12.406430859946447
320	340	239.91810439064608	1.4683319773417414
340	350	239.91810439064608	1.4683319773417414
346	354	908.4000000000001	5.220437800387774
350	346	908.4000000000001	16.398799680575166
354	370	908.4000000000001	5.220437800387774
355	316	239.91810439064608	12.406430859946447
355	356	668.481895609354	10.158612672078025
356	385	668.481895609354	10.158612672078025
370	394	908.4000000000001	6.969002486436821
385	350	668.481895609354	12.093352589046948
393	23	908.4000000000001	0.7500015660245052
394	393	908.4000000000001	2.8770403268801426

