OD PAIRS
init_node	term_node	demand
init_node	term_node	flow	travelTimeOnLink
9	8	63.56
9	1241	21.454941129000748	0.7615397058462613
9	1310	42.10505887099925	0.7527189507378595
10	1156	56.10285913407422	0.7564758875248238
10	1207	7.457140865925781	0.7503659119767077
1133	8	63.56	0.7581888873767282
1143	1133	56.10285913407422	2.546169216775091
1156	1143	56.10285913407422	1.4810971091169833
1160	1133	7.457140865925781	1.3449300241733553
1176	1160	7.457140865925781	1.3449300241733553
1207	1176	7.457140865925781	1.3449300241733553
1241	1306	21.454941129000748	2.5447436265362287
1306	1328	21.454941129000748	4.0471545780944815
1310	1328	42.10505887099925	6.600192012530276
1327	10	63.56	0.7885288303879432
1328	1327	63.56	23.170435724578656

