OD PAIRS
init_node	term_node	demand
init_node	term_node	flow	travelTimeOnLink
2	32	2662.0
2	759	2662.0	0.7539632064490812
33	556	2662.0	0.7509518657783643
397	32	2662.0	0.7662296012046936
438	397	2662.0	9.862531861814597
452	438	2662.0	9.862325491899963
556	570	2662.0	2.798482653252431
570	452	2662.0	12.773831335775506
674	707	2662.0	0.9394519541635731
691	674	2662.0	1.0438781880719494
694	695	2662.0	10.98343357927515
695	691	2662.0	13.645947720140148
707	33	2662.0	0.7561983882021184
728	694	2662.0	9.748010343240765
741	728	2662.0	15.14047711740881
758	741	2662.0	15.14047711740881
759	758	2662.0	15.14047711740881

