OD PAIRS
init_node	term_node	demand
init_node	term_node	flow	travelTimeOnLink
50	38	186.6
50	869	186.60000000000005	0.758447251218912
844	881	76.47018793284302	2.0864802169020096
846	38	70.51238310435006	0.751804443588677
858	846	70.51238310435006	1.2331051461065416
859	844	76.47018793284302	2.186098109611729
860	859	76.47018793284302	2.186098109611729
860	897	110.129812067157	6.5603302848389315
867	860	186.60000000000005	19.609234562340497
869	867	186.60000000000005	12.678496684516398
871	38	116.08761689564993	0.7513470820368534
880	858	70.51238310435006	3.256011226560024
880	871	116.08761689564993	4.487724830399634
881	896	76.47018793284302	2.0864802169020096
895	880	186.60000000000005	6.3497616853923455
896	895	186.60000000000005	4.292365865370196
897	896	110.129812067157	1.9851977447739864

