OD PAIRS
init_node	term_node	demand
init_node	term_node	flow	travelTimeOnLink
41	43	85.6
41	1224	85.60000000000008	0.7639068287721009
1171	43	55.70925251153163	0.7542782844449291
1194	1171	55.70925251153163	3.798916207157589
1211	1194	55.70925251153163	3.798916207157589
1223	1211	55.70925251153163	3.317163947905997
1223	1257	1.071553468465099	3.7890903652422367
1224	1223	56.78080597999664	8.381894813836126
1224	1230	28.819194020003287	8.502863341343016
1230	1257	28.819194020003287	3.668462091151585
1257	1301	29.890747488468403	7.13293022659389
1301	43	29.890747488468403	0.7519123948108473

