OD PAIRS
init_node	term_node	demand
init_node	term_node	flow	travelTimeOnLink
13	6	391.12
13	1053	391.12	0.7564987747005978
682	6	190.31661902869243	0.7598380643996105
769	6	200.80338097130758	0.7657124437707714
781	682	190.31661902869243	6.283532612148624
781	769	200.80338097130758	6.277110822658629
786	781	391.12	16.392111075266282
792	793	391.12	27.81302272764688
793	794	391.12	27.81302272764688
794	795	391.12	27.81302272764688
795	786	391.12	27.81302272764688
840	792	391.12	24.693676390061864
876	840	391.12	24.693676390061864
935	876	391.12	25.486944388019566
961	935	391.12	21.409733143048847
985	961	391.12	17.084421499957607
1053	985	391.12	7.658668312272072

