OD PAIRS
init_node	term_node	demand
init_node	term_node	flow	travelTimeOnLink
13	10	3437.6
8	1133	2644.8900354570414	0.7651125780338157
13	1053	3437.5999999999995	0.756498757442588
1053	1054	2644.8900354570414	17.262690789729806
1053	1091	792.7099645429582	1.5945939843061971
1054	8	2644.8900354570414	0.7584514998242509
1091	1109	792.7099645429582	1.5945939843061971
1109	1184	792.7099645429582	1.4855424020469845
1133	1143	2644.8900354570414	5.974245588025756
1143	1156	2644.8900354570414	7.795632047864471
1156	10	3437.5999999999995	0.7781181513441802
1184	1156	792.7099645429582	28.09701263971504

