OD PAIRS
init_node	term_node	demand
init_node	term_node	flow	travelTimeOnLink
17	48	15.24
17	1543	15.24	0.7542871663403702
1486	1487	15.24	0.7500842296361175
1487	1514	15.24	13.79964560460651
1514	1521	15.24	13.79964560460651
1520	1486	15.24	12.004146761869547
1521	1539	15.24	12.008619628976293
1536	1520	15.24	12.004146761869547
1539	1558	15.24	19.522755885235675
1540	1536	15.24	12.004146761869547
1543	1540	15.24	12.004146761869547
1558	1590	15.24	8.669756389083801
1590	1593	15.24	21.33033999440132
1593	48	15.24	0.7916520961381648

