OD PAIRS
init_node	term_node	demand
init_node	term_node	flow	travelTimeOnLink
22	21	20.72
22	117	20.72	0.7528089651662915
89	21	15.957357277434888	0.7624950819735146
94	89	15.957357277434888	9.195283748786657
102	94	15.957357277434888	11.500825732359072
106	102	15.957357277434888	11.500825732359072
106	116	4.762642722565111	20.36900762927033
109	106	20.72	28.015469413677955
111	109	20.72	15.31627118903062
116	130	4.762642722565111	5.912035367169263
117	111	20.72	9.665867581935847
126	21	4.762642722565111	0.7680982470006241
130	126	4.762642722565111	5.912035367169263

