OD PAIRS
init_node	term_node	demand
init_node	term_node	flow	travelTimeOnLink
17	16	26596.0
17	1220	26596.0	0.7691851879161591
765	16	707.5425112846758	0.7623959034230743
778	765	707.5425112846758	6.563988233147387
851	778	707.5425112846758	6.202762565896004
900	851	707.5425112846758	6.202762565896004
984	16	25888.457488715325	0.7641996473859781
1001	900	707.5425112846758	3.6552853008551685
1001	1002	25888.457488715325	10.070026740430825
1002	984	25888.457488715325	10.070026740430825
1124	1141	26596.0	24.684148684483993
1141	1001	26596.0	15.383806001877389
1220	1235	26596.0	13.257644126532004
1235	1124	26596.0	23.283075810969024

