OD PAIRS
init_node	term_node	demand
init_node	term_node	flow	travelTimeOnLink
42	44	922.8
42	1386	922.8000000000001	0.7558991759932072
1386	1404	764.3820876011185	9.08111737692332
1386	1417	158.41791239888173	0.8593168309309226
1404	1416	557.0194180810951	7.265219366917501
1404	1444	207.36266952002322	2.2647539759336843
1415	44	557.0194180810951	0.7530280306128508
1416	1415	557.0194180810951	7.265219366917501
1417	1434	158.41791239888173	0.8593168309309226
1434	1471	158.41791239888173	3.9534010415257823
1444	1478	207.36266952002322	2.2647539759336843
1471	1491	158.41791239888173	3.9534010415257823
1478	1515	365.78058191890483	3.3380648745264425
1491	1478	158.41791239888173	4.009140845243667
1515	1561	365.78058191890483	3.3380648745264425
1561	1571	365.78058191890483	3.3380648745264425
1571	44	365.78058191890483	0.754446243072918

