OD PAIRS
init_node	term_node	demand
init_node	term_node	flow	travelTimeOnLink
11	13	47.6
10	1156	47.6	0.7564755393635314
11	1343	47.6	0.7614055403521082
1053	13	47.6	0.7509142873037469
1091	1053	47.6	6.182622656847118
1109	1091	47.6	6.182622656847118
1156	1109	37.512474899207554	4.468050520197781
1156	1607	10.087525100792446	1.7325672888554406
1327	10	47.6	0.7885288327906401
1342	1353	47.6	14.108241250712847
1343	1342	47.6	14.108241250712847
1353	1327	47.6	23.113588349552266
1607	1109	10.087525100792446	2.736128715422585

