OD PAIRS
init_node	term_node	demand
init_node	term_node	flow	travelTimeOnLink
33	35	12.4
33	556	12.399999999999999	0.7509518027987465
258	35	9.051604010260244	0.7540431512047173
267	258	9.051604010260244	6.974776248833203
282	267	9.051604010260244	2.547549956853375
286	287	3.348395989739756	6.519713943655555
287	35	3.348395989739756	0.7577523657372846
292	282	9.051604010260244	3.52006199885655
292	286	3.348395989739756	6.519713943655555
308	292	12.399999999999999	12.567126757373499
343	308	12.399999999999999	5.735350350766946
397	343	12.399999999999999	4.9279852321399
438	397	12.399999999999999	9.862424549264563
452	438	12.399999999999999	9.862176906526077
556	570	12.399999999999999	2.7983094914617204
570	452	12.399999999999999	12.7736683633443

