OD PAIRS
init_node	term_node	demand
init_node	term_node	flow	travelTimeOnLink
8	44	2496.8
8	1133	2496.8	0.7651429235300087
10	1327	2496.8	0.779917364662692
1133	1143	2496.8	5.997918920972415
1143	1156	2496.8	7.821783694716219
1156	10	2496.8	0.778118108079928
1309	1341	2496.8	15.568721977064964
1312	1309	2496.8	6.723950333481971
1314	1312	2496.8	6.723950333481971
1327	1314	2496.8	6.723950333481971
1341	1469	2496.8	3.8092215847472484
1469	1490	2496.8	25.550108567634187
1490	1510	2496.8	28.630909343255333
1510	44	2496.8	0.7691395860032826

