OD PAIRS
init_node	term_node	demand
init_node	term_node	flow	travelTimeOnLink
4	16	0.76
4	704	0.76	0.766590415378267
704	713	0.76	31.76893759451021
713	723	0.76	31.76893759451021
720	731	0.76	14.01762046070988
721	720	0.76	17.798343952505544
722	721	0.76	31.76893759451021
723	722	0.76	31.76893759451021
731	740	0.76	3.9105603634029675
733	765	0.76	22.46449287253286
737	733	0.76	22.466345239445914
739	768	0.76	3.9105603634029675
740	739	0.76	3.9105603634029675
765	16	0.76	0.7623668651364934
767	737	0.76	7.782749191937854
768	767	0.76	3.9105603634029675

