OD PAIRS
init_node	term_node	demand
init_node	term_node	flow	travelTimeOnLink
55	25	0.52
55	104	0.52	0.7535317535160513
104	112	0.52	22.50023316166979
112	138	0.52	22.50023316166979
138	234	0.52	22.50023316166979
213	214	0.52	4.441764357593486
214	215	0.52	1.7895354013986196
215	254	0.52	1.6371292261130919
234	274	0.52	3.130148223360679
252	25	0.52	0.7576228883252532
253	213	0.52	3.8438922806484777
254	278	0.52	5.040252553900703
270	252	0.52	13.831318936914013
274	253	0.52	3.8438922806484777
278	325	0.52	4.745412935901243
295	270	0.52	13.831318936914013
325	295	0.52	14.873078270956032

