OD PAIRS
init_node	term_node	demand
init_node	term_node	flow	travelTimeOnLink
36	51	8.28
30	514	8.28	0.7583123916420105
36	869	8.28	0.761374676209142
284	51	8.28	0.750057077461945
288	284	8.28	4.654410987937551
337	288	8.28	3.1687940488788735
379	337	8.28	4.181840580865452
435	379	8.28	4.181214668602438
456	435	8.28	18.982460293885687
494	456	8.28	14.356037797698301
514	494	8.28	18.635240255362472
696	30	8.28	0.7597896297401212
860	696	8.28	10.673477555502824
867	860	8.28	19.609212921835812
869	867	8.28	12.67848299686182

