OD PAIRS
init_node	term_node	demand
init_node	term_node	flow	travelTimeOnLink
45	46	0.08
45	966	0.08	0.7520239871277028
966	967	0.08	3.5785797159221184
967	1067	0.08	2.3773475548642105
1067	1218	0.08	2.3773475548642105
1218	1304	0.08	2.3773475548642105
1304	1318	0.08	6.1594737227612955
1318	1346	0.08	6.1594737227612955
1346	1365	0.08	12.455834268203914
1365	1375	0.08	21.5564140520918
1375	1388	0.08	21.5564140520918
1388	1406	0.08	21.5564140520918
1406	1421	0.08	21.5564140520918
1421	1451	0.08	21.5564140520918
1451	46	0.08	0.762226121080768

