OD PAIRS
init_node	term_node	demand
init_node	term_node	flow	travelTimeOnLink
9	39	0.08
9	1310	0.08	0.7527188756489123
1148	39	0.08	0.7598492230698513
1166	1148	0.08	8.446314008059927
1189	1166	0.08	15.689492843822313
1224	1189	0.08	8.63060242870733
1230	1224	0.08	10.737443341122201
1257	1230	0.08	5.214406565046625
1301	1257	0.08	5.214406565046625
1310	1328	0.08	6.600030448455714
1328	1329	0.08	23.854632454790924
1329	1330	0.08	23.854632454790924
1330	1331	0.08	8.830969158879256
1331	1608	0.08	8.830969158879256
1608	1609	0.08	8.830969158879256
1609	1301	0.08	6.793618328006868

