OD PAIRS
init_node	term_node	demand
init_node	term_node	flow	travelTimeOnLink
14	4	465.2
14	1026	465.2	0.7512594406054929
704	4	465.2	0.7613649951983232
761	704	465.2	7.731770147148422
786	761	465.2	9.548035932691022
792	793	465.2	27.813028829919034
793	794	465.2	27.813028829919034
794	795	465.2	27.813028829919034
795	786	465.2	27.813028829919034
840	792	465.2	24.693682248246905
876	840	465.2	24.693682248246905
935	876	465.2	25.486950310198036
961	935	465.2	21.409738720139597
963	961	465.2	5.683723335163389
994	963	465.2	5.039320144095096
1026	994	465.2	4.28295724535208

