OD PAIRS
init_node	term_node	demand
init_node	term_node	flow	travelTimeOnLink
44	48	10636.0
44	1510	10636.0	0.7668963523777343
1455	1467	10636.0	12.324875830889937
1456	1455	10636.0	6.2898504261580985
1467	1509	10636.0	12.324875830889937
1469	1456	10636.0	6.2898504261580985
1490	1469	10636.0	17.90272224511021
1509	1533	10636.0	12.324875830889937
1510	1490	10636.0	32.86132189181613
1533	1559	10636.0	23.73425039257767
1559	1590	10636.0	7.401160535468662
1590	1593	10636.0	21.330332683859083
1593	48	10636.0	0.7916520813425197

