OD PAIRS
init_node	term_node	demand
init_node	term_node	flow	travelTimeOnLink
25	27	33.72
25	272	18.172381021283286	0.7546532997787224
25	376	15.547618978716713	0.7610095793293195
26	372	15.547618978716713	0.7509840869472034
272	306	18.172381021283286	5.6244497614156455
306	310	18.172381021283286	5.6244497614156455
310	326	18.172381021283286	5.6244497614156455
317	325	18.172381021283286	3.211536221426582
322	27	33.72	0.7533170551215109
323	322	33.72	7.543179782031163
324	323	33.72	7.685184405607898
325	324	18.172381021283286	3.211536221426582
326	336	18.172381021283286	3.6580833438158016
336	317	18.172381021283286	3.6580833438158016
372	324	15.547618978716713	4.6323674841215485
373	26	15.547618978716713	0.7695857102719885
376	373	15.547618978716713	24.456229665744633

