OD PAIRS
init_node	term_node	demand
init_node	term_node	flow	travelTimeOnLink
9	15	71.28
9	1241	24.457885554421168	0.7615397059645953
9	1310	46.82211444557882	0.7527189437144961
10	1184	71.28000000000002	0.7744924886029712
1184	1212	2.2921525268794603	9.495423955273647
1184	1606	68.98784747312054	9.495244354225338
1212	15	2.2921525268794603	0.7634828583845272
1241	1306	24.457885554421168	2.5447437113854017
1306	1328	24.457885554421168	4.0471547339723655
1310	1328	46.82211444557882	6.600176900809505
1327	10	71.28000000000002	0.7885288135690655
1328	1327	71.28000000000002	23.170420122911928
1606	15	68.98784747312054	0.7612567591488775

