OD PAIRS
init_node	term_node	demand
init_node	term_node	flow	travelTimeOnLink
43	41	73.2
43	1171	73.2	0.7552644109025393
1093	41	57.831031144263896	0.7531864543086955
1115	1093	57.831031144263896	7.606089477994184
1146	1115	57.831031144263896	6.037388147419618
1171	1146	57.831031144263896	6.037388147419618
1171	1194	15.368968855736108	2.150198767156357
1194	1211	15.368968855736108	2.150198767156357
1211	1223	15.368968855736108	2.3216197743770595
1223	1230	15.368968855736108	2.3216197743770595
1224	41	15.368968855736108	0.7595964720232689
1230	1224	15.368968855736108	10.738008857461896

