OD PAIRS
init_node	term_node	demand
init_node	term_node	flow	travelTimeOnLink
47	42	94040.0
10	1327	4756.676505064992	0.7801793792673086
11	1343	31864.699441111912	0.7614034626918098
15	1212	867.2091399882571	0.7578586547576904
15	1606	1944.4736749460305	0.7536595877739842
17	1405	870.7434799100535	0.755031209350489
44	1415	14629.55706202832	0.7526081516486007
44	1441	12052.265454157978	0.7508734071357748
44	1571	35352.5254064596	0.7559108680572231
47	1598	94039.99999999984	0.8492200668405008
1156	10	4756.676505064992	0.7783747226181322
1175	1184	1944.9936901307033	6.917512176689917
1175	1204	813.39032195988	2.258144611747087
1184	1156	4756.676505064992	28.407522550238873
1203	1175	2758.3840120905975	7.990269963141458
1203	1233	1998.2924929744124	5.119245660549886
1204	15	813.39032195988	0.7507006449405046
1212	1184	867.2091399882571	3.1117611226388067
1214	1216	4756.676505064992	29.274344012597403
1216	1203	4756.676505064992	20.030066815609317
1220	1214	4756.676505064992	21.157572637991752
1233	1273	1998.2924929744124	5.119245660549886
1235	1220	4756.676505064992	1.2247895802208182
1248	1235	2931.380952924667	5.4617677803091
1264	1235	1825.295552140334	4.867121350957456
1273	15	1998.2924929744124	0.7595806003451275
1278	1335	7319.182210947366	0.8787337011579839
1291	1296	11921.102067868136	2.579636652723521
1293	1294	25864.950641664196	7.253981540763787
1294	1295	11921.102067868136	5.460086474914005
1294	1323	13943.848573796136	12.293768695928367
1295	1291	11921.102067868136	5.460086474914005
1296	1297	11921.102067868136	2.579636652723521
1297	1309	11921.102067868136	2.579636652723521
1302	1278	7319.182210947366	0.8200737512304437
1303	1264	1825.295552140334	4.867121350957456
1305	1293	25864.950641664196	10.900566143208595
1309	1341	11921.102067868136	15.851609342690956
1316	1323	28305.119612616003	4.623094303795451
1322	1316	28305.119612616003	4.623094303795451
1323	1324	31864.699441111912	6.556293131219308
1323	1412	10384.268745300196	6.389260890070615
1324	1325	31864.699441111912	6.556293131219308
1325	1326	31864.699441111912	6.556293131219308
1326	11	31864.699441111912	0.7557303175617588
1327	1328	4756.676505064992	26.67900815934675
1328	1329	4756.676505064992	24.121839590699267
1329	1330	4756.676505064992	24.121839590699267
1330	1331	4756.676505064992	9.019599435756838
1331	1608	4756.676505064992	9.019599435756838
1332	1333	31077.298111688677	7.379251193023352
1333	1334	7319.182210947366	0.8200737512304437
1333	1345	28514.792405806413	4.953712989805675
1334	1302	7319.182210947366	0.8200737512304437
1335	1368	7319.182210947366	2.937576700632804
1337	1303	1825.295552140334	4.867121350957456
1338	1322	28305.119612616003	4.623094303795451
1340	1305	25864.950641664196	10.900566143208595
1341	1469	11921.102067868136	3.846103984858078
1342	1353	31864.699441111912	14.105807887478354
1343	1342	31864.699441111912	14.105807887478354
1344	1380	7082.526347970149	14.224579732372929
1345	1386	28514.792405806413	4.953712989805675
1351	1344	7082.526347970149	0.8224301671874414
1352	1340	25864.950641664196	10.89992436972305
1353	1354	27248.97557228884	6.155462707034762
1353	1490	4615.723868823005	1.3734243076181945
1354	1355	27248.97557228884	6.155462707034762
1355	1356	27248.97557228884	6.155462707034762
1356	1357	27248.97557228884	6.155462707034762
1357	1358	25078.191551905675	3.4630372199857957
1357	1384	2170.7840203832884	2.970806549471673
1358	1359	25078.191551905675	3.4630372199857957
1359	1360	23755.514150783987	3.4023115967416793
1359	1414	1322.6774011216855	0.7594230246660456
1360	1332	31077.298111688677	7.379251193023352
1366	1351	7082.526347970149	0.8224301671874414
1368	1396	7319.182210947366	2.937576700632804
1369	42	19998.192017028974	0.7503894320663336
1372	1366	7082.526347970149	8.581042169975804
1374	1450	7082.526347970149	14.12540193960847
1378	1248	2931.380952924667	14.003122022339632
1378	1337	1825.295552140334	4.867121350957456
1378	1379	7082.526347970149	8.581042169975804
1379	1372	7082.526347970149	8.581042169975804
1380	1374	7082.526347970149	0.851224235907996
1382	1338	28305.119612616003	4.623094303795451
1382	1394	28030.72689268432	2.2121071111752246
1384	1413	2170.7840203832884	0.7591867855852376
1386	42	69923.72136020694	0.7583481351247288
1393	1352	25864.950641664196	10.89992436972305
1394	1399	28030.72689268432	7.384311142100654
1396	1369	19998.192017028974	1.5884470072767647
1399	1411	28030.72689268432	7.120533694417494
1401	1382	56335.84650530018	11.123166711862545
1404	1386	41408.92895440052	5.645269558851883
1405	1454	870.7434799100535	8.763454979337027
1410	1393	25864.950641664196	17.262443348454124
1411	1412	28030.72689268432	7.120533694417494
1412	1431	29475.336146309146	5.875260413874591
1412	1455	8939.659491675293	5.804992347489437
1413	1433	2170.7840203832884	0.7594863694718231
1414	1439	8630.450502245247	1.4400766951390676
1415	1360	7321.7839609046705	4.5162671226347975
1415	1414	7307.773101123609	1.3829894758256258
1419	1396	12679.009806081722	1.2769681612981691
1420	1485	8711.74527686913	3.6573796161574696
1429	1378	11839.20285303511	18.82225908691909
1429	1438	24994.20716175416	4.368979372960803
1430	1401	56335.84650530018	11.123166711862545
1431	1447	29475.336146309146	5.875260413874591
1433	1441	2170.7840203832884	2.8223873240107102
1438	1449	24994.20716175416	4.368979372960803
1439	1442	22853.499976786425	4.345463558484301
1441	1439	14223.049474541216	2.709732577950091
1442	1443	22853.499976786425	4.345463558484301
1443	1444	22853.499976786425	4.345463558484301
1444	1404	41408.92895440052	5.645269558851883
1444	1471	7491.14921926585	2.4957994815141356
1445	1420	8711.74527686913	2.828626304552632
1447	1469	29475.336146309146	5.875260413874591
1449	1477	24994.20716175416	4.368979372960803
1450	1487	7082.526347970149	14.12540193960847
1454	1410	25864.950641664196	17.262443348454124
1455	1456	16022.185839645377	6.842258854932464
1456	1469	16022.185839645377	6.842258854932464
1457	1429	36833.41001478927	25.01836314521435
1460	1419	12679.009806081722	1.9256397580521643
1467	1455	7082.526347970149	11.260027399155296
1469	1490	57418.62405382291	25.226555772653363
1471	1494	7491.14921926585	2.4957994815141356
1473	42	4118.086622764009	0.7503713906402505
1476	1457	36833.41001478927	22.721871574320673
1477	1484	24994.20716175416	4.368979372960803
1478	1444	26046.57819687968	3.936412147892887
1484	1505	24994.20716175416	4.630767810499378
1485	1454	24994.20716175416	8.20087321567759
1486	1430	56335.84650530018	11.122865042373963
1487	1514	7082.526347970149	14.129999049623079
1490	1510	62034.34792264587	28.465304208344534
1493	1507	7082.526347970149	0.8026017500242074
1494	1460	12679.009806081722	2.672018556175577
1494	1522	937.0767799319345	0.7995180297140605
1497	1445	8711.74527686913	2.828626304552632
1497	1506	16282.46188488495	4.600751981082909
1505	1497	24994.20716175416	8.198711985183706
1506	1485	16282.46188488495	4.600751981082909
1507	1532	7082.526347970149	6.407415053674794
1509	1467	7082.526347970149	11.260027399155296
1510	44	62034.34792264587	0.769029967566982
1513	1473	4118.086622764009	3.7920100804392645
1514	1521	7082.526347970149	14.129999049623079
1515	1478	26046.57819687968	3.936412147892887
1517	1494	6124.9373667478785	0.860924012689753
1520	1486	56335.84650530018	11.127088681322752
1521	1537	7082.526347970149	1.229578250333926
1522	1538	937.0767799319345	0.7995180297140605
1531	1476	36833.41001478927	22.721871574320673
1532	1533	7082.526347970149	6.407415053674794
1533	1509	7082.526347970149	11.260027399155296
1536	1520	56335.84650530018	11.127088681322752
1537	1541	7082.526347970149	1.229578250333926
1538	1513	4118.086622764009	3.5452570985914282
1540	1536	56335.84650530018	11.127088681322752
1541	1493	7082.526347970149	0.7786327660303869
1542	1543	57206.589985210514	15.411180631853934
1543	17	870.7434799100535	0.7572609002353948
1543	1540	56335.84650530018	11.127088681322752
1548	1542	57206.589985210514	15.411180631853934
1552	1562	9305.94720957989	5.289953808027768
1557	1548	57206.589985210514	30.359645912991226
1561	1515	26046.57819687968	3.936412147892887
1562	1563	9305.94720957989	5.289953808027768
1563	1564	9305.94720957989	5.289953808027768
1564	1517	6124.9373667478785	0.8795240679178631
1564	1538	3181.0098428320566	3.3342743055111006
1570	1531	36833.41001478927	22.721871574320673
1571	1552	9305.94720957989	5.289953808027768
1571	1561	26046.57819687968	3.936412147892887
1572	1557	57206.589985210514	16.867449766958636
1577	1578	57206.589985210514	16.867449766958636
1578	1572	57206.589985210514	16.867449766958636
1582	1577	57206.589985210514	16.867449766958636
1583	1570	36833.41001478927	22.721871574320673
1585	1582	57206.589985210514	16.867449766958636
1589	1583	36833.41001478927	22.721871574320673
1589	1585	57206.589985210514	16.867449766958636
1596	1589	94039.99999999984	35.829240251024544
1598	1596	94039.99999999984	35.829240251024544
1606	1184	1944.4736749460305	3.114619956712502
1608	1609	4756.676505064992	9.019599435756838
1609	1333	4756.676505064992	13.837755712623201

