OD PAIRS
init_node	term_node	demand
init_node	term_node	flow	travelTimeOnLink
48	44	11576.0
48	1593	11576.0	0.7941394307765224
1455	1456	11576.0	6.597580245521169
1456	1469	11576.0	6.597580245521169
1467	1455	11576.0	10.894921112193366
1469	1490	11576.0	25.550122397802816
1490	1510	11576.0	28.63092372390777
1509	1467	11576.0	10.894921112193366
1510	44	11576.0	0.7691395955177529
1533	1509	11576.0	10.894921112193366
1559	1533	11576.0	33.02676906665059
1590	1559	11576.0	8.162026383650812
1593	1590	11576.0	22.55933438564263

