OD PAIRS
init_node	term_node	demand
init_node	term_node	flow	travelTimeOnLink
34	41	3068.8
34	863	643.9757333494164	0.7546819755175229
34	930	2424.8242666505857	0.7649466297239744
863	893	643.9757333494164	3.222614275818012
893	913	1197.2320608820585	4.60824629804177
913	937	1197.2320608820585	4.609827041801526
930	893	553.2563275326428	3.2232233421362473
930	960	1871.5679391179426	9.5723915552965
937	956	1197.2320608820585	4.609827041801526
945	41	1355.2756411825037	0.7518109812101503
955	945	1355.2756411825037	4.099727277507185
956	955	1355.2756411825037	4.099727277507185
958	956	158.043580300445	1.334245849166778
958	981	1713.524358817497	4.763925575704404
960	958	1871.5679391179426	6.167976722868524
981	998	1713.524358817497	4.763925575704404
998	41	1713.524358817497	0.7526069269158719

