OD PAIRS
init_node	term_node	demand
init_node	term_node	flow	travelTimeOnLink
43	9	1112.4
43	1242	549.864652144393	0.7554677755549097
43	1266	562.5353478556071	0.753981980505514
1240	9	1112.4	0.75637693468463
1242	1267	549.864652144393	9.949097942245027
1266	1331	562.5353478556071	10.631360606740143
1267	1330	549.864652144393	11.264926091806892
1306	1240	1112.4	14.470841586787632
1328	1306	1112.4	18.78651466809255
1329	1328	1112.4	22.496182655881533
1330	1329	1112.4	22.496182655881533
1331	1330	562.5353478556071	10.587578613016875

