OD PAIRS
init_node	term_node	demand
init_node	term_node	flow	travelTimeOnLink
8	6	76.28
8	986	76.28	0.7569790381091062
682	6	32.90685329113004	0.7598380868921353
769	6	43.37314670886996	0.7657124246063127
781	682	32.90685329113004	6.2835111292715045
781	769	43.37314670886996	6.2770882754034165
786	781	76.28	16.392122935905203
792	793	76.28	27.81303493219166
793	794	76.28	27.81303493219166
794	795	76.28	27.81303493219166
795	786	76.28	27.81303493219166
840	792	76.28	24.693688106432415
876	840	76.28	24.693688106432415
935	876	76.28	25.486956232376976
961	935	76.28	21.40967458362628
985	961	76.28	17.084431814043654
986	985	76.28	18.951887440706912

