OD PAIRS
init_node	term_node	demand
init_node	term_node	flow	travelTimeOnLink
13	4	1.64
13	1053	1.64	0.7564987587701266
704	4	1.64	0.7613649728065732
761	704	1.64	7.7317429544443605
786	761	1.64	9.548001665967481
792	793	1.64	27.813062392424104
793	794	1.64	27.813062392424104
794	795	1.64	27.813062392424104
795	786	1.64	27.813062392424104
840	792	1.64	24.6936412409617
876	840	1.64	24.6936412409617
935	876	1.64	25.486908854958692
961	935	1.64	21.40969968051489
985	961	1.64	17.084390557712513
1053	985	1.64	7.658645085871573

