OD PAIRS
init_node	term_node	demand
init_node	term_node	flow	travelTimeOnLink
53	52	4312.0
21	65	4312.0	0.7548077601411842
53	56	4312.0	0.7566666892701768
56	58	4312.0	5.623442271268155
58	61	4312.0	5.623442271268155
61	76	4312.0	6.269530402090158
65	52	4312.0	0.7506525397281951
76	79	4312.0	12.298155752202161
79	87	4312.0	7.848206489868539
87	89	2800.2835083114037	6.024917079531816
87	98	1511.7164916885965	2.012690911834671
89	21	2800.2835083114037	0.7624885755038119
98	114	1511.7164916885965	2.012690911834671
114	126	1511.7164916885965	2.012690911834671
126	21	1511.7164916885965	0.7681053427127499

