OD PAIRS
init_node	term_node	demand
init_node	term_node	flow	travelTimeOnLink
34	3	9324.0
34	811	6615.836219606214	0.7602387150277323
34	930	2708.1637803937856	0.7650516007725269
811	816	6615.836219606214	1.909167675769635
816	827	6615.836219606214	2.5346553857106975
827	834	6615.836219606214	2.5351947152139807
831	3	9324.0	0.7548366948400363
832	865	6615.836219606214	13.744582781556481
833	832	6615.836219606214	2.5351947152139807
834	833	6615.836219606214	2.5351947152139807
855	831	9324.0	11.15680624559692
865	870	9324.0	17.252546479252103
866	865	2708.1637803937856	0.8854271595520847
870	855	9324.0	11.15680624559692
879	866	2708.1637803937856	11.816307966902453
922	879	2708.1637803937856	5.13774391269357
930	922	2708.1637803937856	8.948654981033311

