OD PAIRS
init_node	term_node	demand
init_node	term_node	flow	travelTimeOnLink
42	30	0.08
36	869	0.08	0.7613746682098164
42	1370	0.08	0.753797905252829
696	30	0.08	0.7597896221310947
860	696	0.08	10.673467364174396
867	860	0.08	19.60926702311305
869	867	0.08	12.678517216008094
1190	36	0.08	0.7600169758232194
1225	1190	0.08	7.620438141749281
1259	1225	0.08	4.8669704498645165
1311	1362	0.08	4.819255864808008
1362	1385	0.08	4.819224316981947
1363	1259	0.08	5.948895737197239
1370	1311	0.08	8.684703037644873
1385	1363	0.08	5.948895737197239

