OD PAIRS
init_node	term_node	demand
init_node	term_node	flow	travelTimeOnLink
34	38	33.4
34	863	33.4	0.7546878803304978
820	821	14.485079863828767	2.42869993571133
821	822	14.485079863828767	4.408916460588535
822	845	14.485079863828767	5.087102397403828
841	820	14.485079863828767	2.1568386466594403
841	882	18.914920136171244	6.2410998958733614
845	857	33.4	7.58968568754559
846	38	33.4	0.7518040947398295
856	845	18.914920136171244	4.771186635002799
857	846	33.4	7.230228693751858
862	841	33.4	4.521240356368725
863	862	31.598930420653303	5.6496214038962185
863	893	1.8010695793466993	3.230387112512064
882	856	18.914920136171244	3.0685420878539844
893	862	1.8010695793466993	2.421120143169836

