OD PAIRS
init_node	term_node	demand
init_node	term_node	flow	travelTimeOnLink
9	13	36.8
9	1241	11.054903208942124	0.7615396897690874
9	1310	25.745096791057875	0.7527189418027331
10	1156	36.8	0.7564755459933115
1053	13	36.8	0.7509142907559915
1091	1053	36.8	6.182586926643319
1109	1091	36.8	6.182586926643319
1156	1109	29.330057401549062	4.468043819021574
1156	1607	7.469942598450935	1.7325808115640562
1241	1306	11.054903208942124	2.544732098701334
1306	1328	11.054903208942124	4.047133400109482
1310	1328	25.745096791057875	6.600172787391646
1327	10	36.8	0.788528844804126
1328	1327	36.8	23.17039337720595
1607	1109	7.469942598450935	2.736142963742685

