OD PAIRS
init_node	term_node	demand
init_node	term_node	flow	travelTimeOnLink
44	8	1845.6
10	1156	1399.9918141547803	0.7564775082362896
10	1207	445.6081858452196	0.7503652780585455
44	1510	1845.6	0.7668963341233173
1133	8	1845.6	0.7581888888106055
1143	1133	1399.9918141547803	2.5473436783737387
1156	1143	1399.9918141547803	1.481985387311616
1160	1133	445.6081858452196	1.3424961379675275
1176	1160	445.6081858452196	1.3424961379675275
1207	1176	445.6081858452196	1.3424961379675275
1327	10	1845.6	0.7885288327906401
1353	1327	1845.6	23.113588349552266
1490	1353	1845.6	9.71859432232371
1510	1490	1845.6	32.86121637376257

