OD PAIRS
init_node	term_node	demand
init_node	term_node	flow	travelTimeOnLink
12	27	464.4
12	635	217.38688579600534	0.7614223497121464
12	655	247.01311420399463	0.7535696158943817
322	27	464.4	0.7533170731573882
323	322	464.4	7.543212501765314
324	323	464.4	7.6851708395594684
372	324	464.4	4.6325003658150825
431	372	464.4	16.71928114153381
468	431	464.4	16.71928114153381
495	468	464.4	14.188155351626353
538	495	464.4	14.044485133257272
590	538	464.4	8.784797385930268
632	590	464.4	8.784797385930268
635	632	217.38688579600534	8.426909978319385
655	632	247.01311420399463	8.433028549039962

