OD PAIRS
init_node	term_node	demand
init_node	term_node	flow	travelTimeOnLink
32	1	3055.6
32	355	3055.5999999999995	0.7608565877185215
301	311	817.7009981607787	2.371977140048611
311	320	817.7009981607787	2.371977140048611
316	301	817.7009981607787	12.432098573402214
320	340	817.7009981607787	1.4750990801494064
340	350	817.7009981607787	1.4750990801494064
346	357	3055.5999999999995	10.315043497284709
350	346	3055.5999999999995	16.398875938458183
355	316	817.7009981607787	12.432098573402214
355	356	2237.899001839221	10.134745375232507
356	385	2237.899001839221	10.134745375232507
357	396	3055.5999999999995	3.907659724990833
385	350	2237.899001839221	12.074298044696398
396	425	3055.5999999999995	3.907659724990833
425	1	3055.5999999999995	0.752696084098619

