OD PAIRS
init_node	term_node	demand
init_node	term_node	flow	travelTimeOnLink
8	11	74.4
8	1133	74.4	0.7651429059302428
10	1327	74.4	0.7799173425786725
1133	1143	74.4	5.997836506374643
1143	1156	74.4	7.821730593783716
1156	10	74.4	0.7781180323675401
1309	1341	74.4	15.568692855165988
1312	1309	74.4	6.72393599140597
1313	1326	8.84454359903335	1.7697638895061505
1314	1312	74.4	6.72393599140597
1326	11	8.84454359903335	0.7557317543698279
1327	1314	74.4	6.72393599140597
1341	1313	8.84454359903335	1.7697638895061505
1341	1343	65.55545640096666	3.534462552097712
1343	11	65.55545640096666	0.759324197733618

