OD PAIRS
init_node	term_node	demand
init_node	term_node	flow	travelTimeOnLink
48	26	118960.0
8	986	6313.447734808805	0.7571942855155089
14	1026	8875.713684768258	0.7512920282996264
15	1273	3994.2931963754204	0.7778339368638636
15	1606	4537.128313764675	0.75372690165491
16	765	7881.785352073254	0.7649052481262433
17	1220	31113.05564100348	0.7692099055114521
21	126	449.4492267665251	0.7586331138003592
48	1593	118959.99999999953	0.7941394307765224
59	66	593.3054824172577	5.010315877201973
60	21	449.4492267665251	0.7560774665985197
63	60	449.4492267665251	8.135982683799401
66	84	593.3054824172577	5.010315877201973
67	63	449.4492267665251	17.611697143161837
68	59	593.3054824172577	1.3833901716872417
68	67	449.4492267665251	5.724286351932275
84	113	593.3054824172577	5.480558598370919
88	68	1042.7547091837819	3.5496009524328773
113	139	593.3054824172577	5.480558598370919
119	88	1042.7547091837819	3.5496009524328773
126	130	449.4492267665251	4.497733012612177
130	165	449.4492267665251	2.893316707091263
139	162	593.3054824172577	5.480558598370919
140	119	1042.7547091837819	3.5496009524328773
162	187	593.3054824172577	5.480558598370919
163	140	1042.7547091837819	3.5496009524328773
165	175	449.4492267665251	2.893316707091263
175	190	449.4492267665251	2.893316707091263
187	212	593.3054824172577	5.480558598370919
188	163	1042.7547091837819	3.5496009524328773
190	200	449.4492267665251	2.893316707091263
200	232	449.4492267665251	2.893316707091263
212	274	593.3054824172577	1.1546621764135923
213	214	1324.1289836356766	4.487368754899419
214	322	1324.1289836356766	3.2516155102957094
227	188	1042.7547091837819	3.5496009524328773
232	254	449.4492267665251	3.6428057031966157
234	274	730.8235012184113	3.1518873509805534
253	213	1324.1289836356766	3.8821111589737525
254	277	449.4492267665251	1.2757511955994776
274	253	1324.1289836356766	3.8821111589737525
275	227	1042.7547091837819	3.5496009524328773
277	299	449.4492267665251	1.2757511955994776
299	323	449.4492267665251	1.2757511955994776
302	234	730.8235012184113	16.562375176959605
322	323	343.4800515794333	3.878107366932614
322	359	980.6489320562417	8.256393290259721
323	359	2849.949566824482	4.375514191534961
324	323	2057.0202884785285	7.772243404680373
341	275	1042.7547091837819	3.5496009524328773
358	302	730.8235012184113	16.562375176959605
359	399	3830.5984988807327	3.874989644050518
360	324	2057.0202884785285	9.548624362349404
367	341	1042.7547091837819	3.139855165402625
372	26	88522.16241235373	0.7553653090974992
373	26	26607.239088765436	0.77040842491004
399	424	3830.5984988807327	3.8746429702063825
401	360	2057.0202884785285	17.839468173431886
405	358	730.8235012184113	16.562375176959605
406	373	26607.239088765436	2.1182196297155946
424	441	3830.5984988807327	3.8746429702063825
429	367	1042.7547091837819	3.139855165402625
431	372	88522.16241235373	15.187521391225395
440	405	730.8235012184113	16.562375176959605
441	26	3830.5984988807327	0.752029535437787
443	406	26607.239088765436	19.125673976580636
460	443	26607.239088765436	16.503315117541025
468	431	88522.16241235373	15.187521391225395
470	468	26287.43710570281	9.876545425304327
474	401	2057.0202884785285	13.04645136418688
474	470	26287.43710570281	9.874191695214805
478	429	1042.7547091837819	3.139855165402625
478	479	730.8235012184113	3.403277475462004
479	440	730.8235012184113	4.977202951673949
480	460	26607.239088765436	8.805649851337026
495	468	62234.7253066508	12.121329744836602
504	505	62864.92549554532	9.251746853736439
505	506	62864.92549554532	9.251746853736439
506	474	28344.457394181165	13.122300381391746
506	507	48177.15548041839	7.934136886146101
507	495	48177.15548041839	7.934136886146101
509	480	26607.239088765436	8.805649851337026
528	504	62864.92549554532	6.774207447120958
529	509	26607.239088765436	8.805649851337026
535	538	9886.950233643438	2.7820525944375745
538	495	14057.56982623262	13.68148891917525
544	478	1773.5782104022069	4.963890863336998
546	528	62864.92549554532	6.777098498113313
547	506	13656.68737905428	10.893280098464107
548	529	26607.239088765436	8.805649851337026
548	535	9886.950233643438	2.7789297769551653
550	546	13073.653498365758	1.0573153872004237
563	546	49791.27199717957	6.2145514535410875
579	550	13073.653498365758	12.23102045467357
583	544	1773.5782104022069	4.963890863336998
584	563	49791.27199717957	8.38694282291447
590	538	4170.619592589224	9.033639503533603
594	547	13656.68737905428	6.27142807963562
598	579	13073.653498365758	12.23102045467357
599	548	36494.189322409045	13.137676634109088
606	583	1773.5782104022069	4.963890863336998
618	584	49791.27199717957	6.2145514535410875
620	599	36494.189322409045	7.832421326365475
632	590	4170.619592589224	9.033639503533603
635	632	4170.619592589224	8.672985748410682
637	594	13656.68737905428	6.27142807963562
637	635	4170.619592589224	3.396239210038174
638	639	19070.989403348653	5.564506767532922
638	662	10839.964355690492	9.657902502140281
639	640	19070.989403348653	5.564506767532922
640	618	49791.27199717957	6.282562787654714
641	642	17827.30697164352	8.199297086996033
642	637	17827.30697164352	8.199297086996033
643	620	36494.189322409045	5.074330071948252
651	641	17827.30697164352	8.199297086996033
661	606	1773.5782104022069	4.963890863336998
662	598	13073.653498365758	11.6262446943302
662	640	30720.282593831074	1.7911615300695047
663	664	17827.30697164352	5.377976498528312
664	651	17827.30697164352	5.383509887099204
666	643	36494.189322409045	5.074330071948252
681	662	32953.97173650615	5.545420888473726
690	666	36494.189322409045	5.368503089904377
698	663	17827.30697164352	5.960696743728785
701	661	1773.5782104022069	4.963890863336998
703	681	32953.97173650615	5.545420888473726
718	703	32953.97173650615	5.545420888473726
721	690	36494.189322409045	8.133933183168466
730	701	1773.5782104022069	3.0376174678772645
733	698	17827.30697164352	5.960696743728785
736	718	32953.97173650615	5.545420888473726
765	733	17827.30697164352	19.530609354360152
766	736	32953.97173650615	5.545420888473726
775	730	1773.5782104022069	3.211315874292187
778	638	29910.95375903911	8.449371527117187
779	766	32953.97173650615	5.545420888473726
790	765	9945.52161957031	2.504743052449186
792	721	36494.189322409045	7.791666098121251
815	775	1773.5782104022069	3.211315874292187
818	779	32953.97173650615	5.950539202089907
839	818	32953.97173650615	5.950539202089907
840	792	36494.189322409045	25.32264343754528
850	815	1773.5782104022069	8.450146180681005
851	778	29910.95375903911	6.1634373914772755
868	873	7189.6866151997365	2.4546876563677675
873	928	7189.6866151997365	6.648463968946498
874	839	32953.97173650615	5.950539202089907
874	928	9435.518474479473	5.345407566294502
876	840	36494.189322409045	25.32264343754528
900	851	29910.95375903911	6.1634373914772755
921	874	42389.490210985554	11.411706594667208
921	1602	7189.6866151997365	2.1059629198682286
928	1604	16625.205089679053	15.55237340352221
935	876	36494.189322409045	26.12264848622285
939	850	1773.5782104022069	8.450146180681005
946	921	49579.17682618574	14.702040276437671
961	935	36494.189322409045	22.008716930100068
963	961	12024.97383968465	5.929327045185879
968	790	9945.52161957031	5.716399053259667
968	984	6679.683470108824	7.749334836058093
984	16	7881.785352073254	0.7645685520543899
985	961	24469.215482724157	17.325075067226138
986	985	6313.447734808805	19.445394082283947
994	963	12024.97383968465	5.226623141048647
999	946	41075.18715464535	9.190151047882672
1001	900	29910.95375903911	3.608529179503146
1001	1002	1202.1018819643882	10.165183745920915
1002	984	1202.1018819643882	10.165183745920915
1026	994	12024.97383968465	4.4587405687980715
1051	939	1773.5782104022069	8.450146180681005
1052	999	41075.18715464535	9.190151047882672
1053	985	18155.767747915317	7.534330433938127
1069	1600	8503.989671540061	13.325738617739614
1082	1026	3149.2601549164146	3.3075052618620218
1087	1051	1773.5782104022069	8.450146180681005
1088	1069	8503.989671540061	14.373711579591927
1089	14	3892.2685294345274	0.7586097681376454
1090	14	4983.445155333743	0.7522704689374404
1091	1053	18155.767747915317	6.067897072152393
1097	1052	41075.18715464535	9.190151047882672
1101	1089	3892.2685294345274	4.301537665474617
1101	1090	4983.445155333743	4.245940531828369
1108	1082	3149.2601549164146	3.30951605320527
1109	1091	18155.767747915317	6.067897072152393
1117	1108	3149.2601549164146	5.489436749211555
1123	1087	1773.5782104022069	8.450146180681005
1124	1141	31113.05564100348	24.71371343921338
1125	1117	3149.2601549164146	4.739111440863925
1126	1109	18155.767747915317	3.3214941037338632
1126	1125	3149.2601549164146	10.383518299721377
1133	8	6313.447734808805	0.7584157900543481
1140	1123	1773.5782104022069	8.450146180681005
1141	1001	31113.05564100348	15.41392182757895
1143	1133	6313.447734808805	2.6993897042709776
1164	1088	8503.989671540061	1.8834317397096403
1168	1097	41075.18715464535	9.190151047882672
1168	1164	8503.989671540061	1.3854907356004755
1183	1140	1773.5782104022069	8.450146180681005
1184	1606	16767.899589067205	9.401195895165523
1203	1101	8875.713684768258	7.533777254857494
1212	15	8531.421510139997	0.7638405406166462
1219	1183	1773.5782104022069	8.450146180681005
1220	1235	31113.05564100348	13.286225555099278
1227	1143	6313.447734808805	1.9416315924056602
1232	1168	49579.17682618574	10.737277242334228
1233	1203	8875.713684768258	8.269819533285522
1235	1124	31113.05564100348	23.317849061730847
1237	1184	16767.899589067205	2.4622427254625308
1246	1212	8531.421510139997	8.71995167210041
1248	1219	1773.5782104022069	7.360423770689824
1255	1227	6313.447734808805	2.341114788767257
1265	1237	16767.899589067205	2.463767752715572
1273	1233	8875.713684768258	8.269819533285522
1275	1246	8531.421510139997	8.71868297917708
1275	1265	16767.899589067205	2.6638351968628617
1283	1255	6313.447734808805	3.783741302352949
1290	1273	4881.420488392885	7.110459495828254
1291	1283	6313.447734808805	3.783741302352949
1294	1295	6313.447734808805	5.541117666188455
1295	1291	6313.447734808805	5.541117666188455
1315	1290	4881.420488392885	9.63901237550376
1317	1232	49579.17682618574	10.737277242334228
1323	1294	6313.447734808805	10.462964191812167
1371	1275	25299.321099207253	10.777851084612479
1373	1371	7899.43377305257	2.1850224723373195
1374	1317	33347.06240379943	6.265004253977998
1378	1248	1773.5782104022069	13.939212482831756
1381	1315	4881.420488392885	9.63901237550376
1381	1317	16232.114422386068	4.179597953420046
1381	1392	1773.5782104022069	0.7567450108237204
1392	1393	1773.5782104022069	0.7567450108237204
1393	1410	1773.5782104022069	8.93319312127556
1394	1371	17399.887326154592	11.875245600924227
1394	1399	2849.086392565424	8.193846987773796
1399	1373	7899.43377305257	2.1850224723373195
1410	1454	1773.5782104022069	8.93319312127556
1411	1399	5050.347380487115	1.9481077658046566
1412	1323	6313.447734808805	10.771892482431014
1412	1411	5050.347380487115	1.9481077658046566
1429	1378	1773.5782104022069	18.201252799639924
1430	1486	31113.05564100348	14.504843583508922
1438	1429	1773.5782104022069	1.957923547835661
1440	1374	33347.06240379943	6.129165157230447
1440	1381	22887.113121181028	8.467392444014761
1446	1394	20248.97371872001	7.818761289937504
1449	1438	1773.5782104022069	1.957923547835661
1454	1485	1773.5782104022069	8.93319312127556
1455	1412	11363.795115295938	5.017016244704152
1459	1440	56234.17552498049	14.263904075894926
1467	1455	11363.795115295938	11.410509024111516
1475	1430	31113.05564100348	3.482321648773617
1475	1459	56234.17552498049	14.263904075894926
1477	1449	1773.5782104022069	1.957923547835661
1484	1477	1773.5782104022069	1.957923547835661
1485	1506	1773.5782104022069	8.93319312127556
1486	1520	31113.05564100348	14.504843583508922
1488	1446	20248.97371872001	7.818761289937504
1497	1505	1773.5782104022069	10.786314805972822
1505	1484	1773.5782104022069	6.435856366429043
1506	1497	1773.5782104022069	8.93319312127556
1508	1488	20248.97371872001	7.818761289937504
1509	1467	11363.795115295938	11.410509024111516
1516	1475	87347.23116598415	19.176162013678702
1520	1536	31113.05564100348	14.504843583508922
1533	1508	20248.97371872001	9.657657301477672
1533	1509	11363.795115295938	11.410509024111516
1536	1540	31113.05564100348	14.504843583508922
1540	1543	31113.05564100348	14.504843583508922
1543	17	31113.05564100348	0.7572495837564028
1558	1516	87347.23116598415	19.176162013678702
1559	1533	31612.768834015875	34.05505239815298
1590	1558	87347.23116598415	8.523537099520702
1590	1559	31612.768834015875	8.398161021762377
1593	1590	118959.99999999953	22.559334385642615
1600	1601	8503.989671540061	1.5337411786078032
1601	946	8503.989671540061	8.471017153504757
1602	1603	7189.6866151997365	3.2410629478586657
1603	868	7189.6866151997365	3.2410629478586657
1604	968	16625.205089679053	11.341716210755388
1606	1126	21305.02790283164	3.042201464175664

