OD PAIRS
init_node	term_node	demand
init_node	term_node	flow	travelTimeOnLink
42	49	39268.0
42	1370	21493.847300319485	0.7537635161565659
42	1473	17774.15269968051	0.7507649762520094
1259	1472	9287.070158192791	2.9360264903844233
1311	1362	21493.847300319485	4.780160491178797
1362	1385	21493.847300319485	4.780129044710197
1363	1259	9287.070158192791	6.275682754502441
1364	49	39267.999999999985	0.7568055734189686
1370	1311	21493.847300319485	8.626070316450555
1385	1363	9287.070158192791	6.275682754502441
1385	1418	29980.929841807214	5.446907466682972
1400	1385	17774.15269968051	6.158278815929753
1418	1436	29980.929841807214	5.446907466682972
1435	1400	17774.15269968051	6.158278815929753
1436	1364	29980.929841807214	5.446907466682972
1472	1364	9287.070158192791	2.9360264903844233
1473	1435	17774.15269968051	6.158278815929753

