OD PAIRS
init_node	term_node	demand
init_node	term_node	flow	travelTimeOnLink
22	27	38560.0
22	176	17162.758996904697	0.7557831025542951
22	181	21397.241003095303	0.7576548219571491
169	201	17162.758996904697	4.150659705057066
176	177	17162.758996904697	5.50256641803249
177	169	17162.758996904697	5.50256641803249
181	184	21397.241003095303	5.050306289442309
184	194	21397.241003095303	5.050306289442309
194	201	21397.241003095303	5.054862088044521
201	207	38560.0	6.240973613186133
207	219	38560.0	6.240973613186133
216	27	38560.0	0.7514353834145442
217	216	38560.0	2.9824071494717486
218	217	38560.0	12.983384593182777
219	225	38560.0	6.240973613186133
225	218	38560.0	10.056749746364904

