OD PAIRS
init_node	term_node	demand
init_node	term_node	flow	travelTimeOnLink
44	13	544.8
10	1156	544.8	0.7564755459933115
44	1510	544.8	0.7668962976145028
1053	13	544.8	0.7509142907559915
1091	1053	544.8	6.182631589410308
1109	1091	544.8	6.182631589410308
1156	1109	382.34796498235414	4.467530193515473
1156	1607	162.45203501764584	1.7330752765203161
1327	10	544.8	0.788528844804126
1353	1327	544.8	23.11360505148786
1490	1353	544.8	9.718545055566832
1510	1490	544.8	32.861156077783875
1607	1109	162.45203501764584	2.736701201543465

