OD PAIRS
init_node	term_node	demand
init_node	term_node	flow	travelTimeOnLink
34	51	2.52
33	556	2.52	0.7509518223922564
34	811	2.52	0.7603388478889439
284	51	2.52	0.7500570791053526
288	284	2.52	4.6544221896963425
312	288	2.52	2.5371253766881434
348	312	2.52	3.356895704797278
363	348	2.52	2.5381623741271233
408	363	2.52	4.775371278322304
452	408	2.52	4.775371278322304
556	570	2.52	2.798389295854725
570	452	2.52	12.77367379574681
707	33	2.52	0.7561983071830217
725	707	2.52	12.93213717488788
760	725	2.52	12.93213717488788
807	760	2.52	26.35369104124039
811	807	2.52	11.244381899280361

