OD PAIRS
init_node	term_node	demand
init_node	term_node	flow	travelTimeOnLink
6	13	528.8
6	769	528.8	0.7646307536961234
769	782	528.8	34.855390321476804
782	796	528.8	45.58269986781892
796	842	528.8	45.58269986781892
830	853	528.8	11.204653226602723
842	830	528.8	6.5246589020055765
853	877	528.8	11.204653226602723
877	905	528.8	4.742134187356907
905	935	528.8	4.742134187356907
935	961	528.8	9.929177407915212
961	985	528.8	8.097802441351572
985	1053	528.8	8.098197585758133
1053	13	528.8	0.75091430801728

