OD PAIRS
init_node	term_node	demand
init_node	term_node	flow	travelTimeOnLink
15	9	95.92
10	1327	95.91999999999999	0.7799173712878988
15	1212	6.332698616496408	0.7578268933186341
15	1606	89.58730138350359	0.7536072875179185
1156	10	95.91999999999999	0.7781180604892761
1184	1156	95.91999999999999	28.0442301544741
1212	1184	6.332698616496408	3.081447489446273
1240	9	95.91999999999999	0.7563769188543432
1306	1240	95.91999999999999	14.470807525774138
1327	1328	95.91999999999999	26.402346241692925
1328	1306	95.91999999999999	18.786469893727542
1606	1184	89.58730138350359	3.0844691691247537

